475.2922605,-506.4420012,411.8632128,-0.001752929687,0.001088867188,0.003989257813,989.9414063,-68.06640625,41.11328125,14,11,5.79289484,1.678124785,7.225462914
475.2922605,-506.4420012,411.8632128,-0.001752929687,0.001088867188,0.003989257813,989.9414063,-68.06640625,41.11328125,14,11,5.79289484,1.678124785,7.225462914
475.2922605,-506.4420012,411.8632128,-0.001752929687,0.001088867188,0.003989257813,989.9414063,-68.06640625,41.11328125,14,11,5.790765285,1.678124785,7.225462914
475.2922605,-506.4420012,411.8632128,-0.001752929687,0.001088867188,0.003989257813,989.9414063,-68.06640625,41.11328125,14,11,5.790765285,1.678124785,7.225462914
475.2922605,-506.4420012,411.8632128,-0.001752929687,0.001088867188,0.003989257813,989.9414063,-68.06640625,41.11328125,14,11,5.774616241,1.678124785,7.225462914
475.2922605,-506.4420012,411.8632128,-0.001752929687,0.001088867188,0.003989257813,989.9414063,-68.06640625,41.11328125,14,11,5.774616241,1.678124785,7.225462914
475.2922605,-506.4420012,411.8632128,-0.001752929687,0.001088867188,0.003989257813,989.9414063,-68.06640625,41.11328125,14,11,5.784502506,1.678124785,7.225462914
475.2922605,-506.4420012,411.8632128,-0.001752929687,0.001088867188,0.003989257813,989.9414063,-68.06640625,41.11328125,14,11,5.784502506,1.678124785,7.225462914
475.2922605,-506.4420012,411.8632128,-0.001752929687,0.001088867188,0.003989257813,989.9414063,-68.06640625,41.11328125,14,11,5.795056343,1.678124785,7.81823349
475.2922605,-506.4420012,411.8632128,-0.001752929687,0.001088867188,0.003989257813,989.9414063,-68.06640625,41.11328125,14,11,5.795056343,2.035277605,7.81823349
475.334242,-506.4398479,411.869078,-0.001479492187,0.001870117188,-0.003295898438,839.6484375,43.06640625,117.2851562,14,12,5.782245636,2.035277605,7.81823349
475.334242,-506.4398479,411.869078,-0.001479492187,0.001870117188,-0.003295898438,839.6484375,43.06640625,117.2851562,14,12,5.782245636,2.035277605,7.81823349
475.334242,-506.4398479,411.869078,-0.001479492187,0.001870117188,-0.003295898438,839.6484375,43.06640625,117.2851562,14,12,5.784121037,2.035277605,7.81823349
475.334242,-506.4398479,411.869078,-0.001479492187,0.001870117188,-0.003295898438,839.6484375,43.06640625,117.2851562,14,12,5.784121037,2.035277605,7.81823349
475.334242,-506.4398479,411.869078,-0.001479492187,0.001870117188,-0.003295898438,839.6484375,43.06640625,117.2851562,14,12,5.776650906,2.035277605,7.81823349
475.334242,-506.4398479,411.869078,-0.001479492187,0.001870117188,-0.003295898438,839.6484375,43.06640625,117.2851562,14,12,5.776650906,2.035277605,7.81823349
475.334242,-506.4398479,411.869078,-0.001479492187,0.001870117188,-0.003295898438,839.6484375,43.06640625,117.2851562,14,12,5.790543079,2.035277605,7.81823349
475.334242,-506.4398479,411.869078,-0.001479492187,0.001870117188,-0.003295898438,839.6484375,43.06640625,117.2851562,14,12,5.790543079,2.035277605,7.81823349
475.334242,-506.4398479,411.869078,-0.001479492187,0.001870117188,-0.003295898438,839.6484375,43.06640625,117.2851562,14,12,5.799762249,2.035277605,8.380093575
475.334242,-506.4398479,411.869078,-0.001479492187,0.001870117188,-0.003295898438,839.6484375,43.06640625,117.2851562,14,12,5.799762249,1.957909226,8.380093575
475.334242,-506.4398479,411.869078,-0.001479492187,0.001870117188,-0.003295898438,839.6484375,43.06640625,117.2851562,14,12,5.775602341,1.957909226,8.380093575
475.334242,-506.4398479,411.869078,-0.001479492187,0.001870117188,-0.003295898438,839.6484375,43.06640625,117.2851562,14,12,5.775602341,1.957909226,8.380093575
475.334242,-506.4398479,411.869078,-0.001479492187,0.001870117188,-0.003295898438,839.6484375,43.06640625,117.2851562,14,12,5.778145313,1.957909226,8.380093575
475.334242,-506.4398479,411.869078,-0.001479492187,0.001870117188,-0.003295898438,839.6484375,43.06640625,117.2851562,14,12,5.778145313,1.957909226,8.380093575
475.334242,-506.4398479,411.869078,-0.001479492187,0.001870117188,-0.003295898438,839.6484375,43.06640625,117.2851562,14,12,5.78536129,1.957909226,8.380093575
475.334242,-506.4398479,411.869078,-0.001479492187,0.001870117188,-0.003295898438,839.6484375,43.06640625,117.2851562,14,12,5.78536129,1.957909226,8.380093575
475.334242,-506.4398479,411.869078,-0.001479492187,0.001870117188,-0.003295898438,839.6484375,43.06640625,117.2851562,14,12,5.77388525,1.957909226,8.380093575
475.334242,-506.4398479,411.869078,-0.001479492187,0.001870117188,-0.003295898438,839.6484375,43.06640625,117.2851562,14,12,5.77388525,1.957909226,8.380093575
475.334242,-506.4398479,411.869078,-0.001479492187,0.001870117188,-0.003295898438,839.6484375,43.06640625,117.2851562,14,12,5.766415119,1.957909226,8.589250565
475.334242,-506.4398479,411.869078,-0.001479492187,0.001870117188,-0.003295898438,839.6484375,43.06640625,117.2851562,14,12,5.766415119,1.370551705,8.589250565
475.334242,-506.4398479,411.869078,-0.001479492187,0.001870117188,-0.003295898438,839.6484375,43.06640625,117.2851562,14,12,5.772296429,1.370551705,8.589250565
475.334242,-506.4398479,411.869078,-0.001479492187,0.001870117188,-0.003295898438,839.6484375,43.06640625,117.2851562,14,12,5.772296429,1.370551705,8.589250565
475.334242,-506.4398479,411.869078,-0.001479492187,0.001870117188,-0.003295898438,839.6484375,43.06640625,117.2851562,14,12,5.760820389,1.370551705,8.589250565
475.334242,-506.4398479,411.869078,-0.001479492187,0.001870117188,-0.003295898438,839.6484375,43.06640625,117.2851562,14,12,5.760820389,1.370551705,8.589250565
475.334242,-506.4398479,411.869078,-0.001479492187,0.001870117188,-0.003295898438,839.6484375,43.06640625,117.2851562,14,12,5.764698982,1.370551705,8.589250565
475.334242,-506.4398479,411.869078,-0.001479492187,0.001870117188,-0.003295898438,839.6484375,43.06640625,117.2851562,14,12,5.764698982,1.370551705,8.589250565
475.334242,-506.4398479,411.869078,-0.001479492187,0.001870117188,-0.003295898438,839.6484375,43.06640625,117.2851562,14,12,5.760566711,1.370551705,8.589250565
475.334242,-506.4398479,411.869078,-0.001479492187,0.001870117188,-0.003295898438,839.6484375,43.06640625,117.2851562,14,12,5.760566711,1.370551705,8.589250565
475.334242,-506.4398479,411.869078,-0.001479492187,0.001870117188,-0.003295898438,839.6484375,43.06640625,117.2851562,14,12,5.753764153,1.370551705,8.637336731
475.334242,-506.4398479,411.869078,-0.001479492187,0.001870117188,-0.003295898438,839.6484375,43.06640625,117.2851562,14,12,5.753764153,0.7337056398,8.637336731
475.378328,-506.4379094,411.8627703,0.003134765625,-0.002622070313,-0.001865234375,881.7382812,38.76953125,-126.171875,14,12,5.750298977,0.7337056398,8.637336731
475.378328,-506.4379094,411.8627703,0.003134765625,-0.002622070313,-0.001865234375,881.7382812,38.76953125,-126.171875,14,12,5.750298977,0.7337056398,8.637336731
475.378328,-506.4379094,411.8627703,0.003134765625,-0.002622070313,-0.001865234375,881.7382812,38.76953125,-126.171875,14,12,5.751507282,0.7337056398,8.637336731
475.378328,-506.4379094,411.8627703,0.003134765625,-0.002622070313,-0.001865234375,881.7382812,38.76953125,-126.171875,14,12,5.751507282,0.7337056398,8.637336731
475.378328,-506.4379094,411.8627703,0.003134765625,-0.002622070313,-0.001865234375,881.7382812,38.76953125,-126.171875,14,12,5.751379967,0.7337056398,8.637336731
475.378328,-506.4379094,411.8627703,0.003134765625,-0.002622070313,-0.001865234375,881.7382812,38.76953125,-126.171875,14,12,5.751379967,0.7337056398,8.637336731
475.378328,-506.4379094,411.8627703,0.003134765625,-0.002622070313,-0.001865234375,881.7382812,38.76953125,-126.171875,14,12,5.740571499,0.7337056398,8.637336731
475.378328,-506.4379094,411.8627703,0.003134765625,-0.002622070313,-0.001865234375,881.7382812,38.76953125,-126.171875,14,12,5.740571499,0.7337056398,8.637336731
475.378328,-506.4379094,411.8627703,0.003134765625,-0.002622070313,-0.001865234375,881.7382812,38.76953125,-126.171875,14,12,5.743114471,0.7337056398,8.580870628
475.378328,-506.4379094,411.8627703,0.003134765625,-0.002622070313,-0.001865234375,881.7382812,38.76953125,-126.171875,14,12,5.743114471,0.02675559185,8.580870628
475.378328,-506.4379094,411.8627703,0.003134765625,-0.002622070313,-0.001865234375,881.7382812,38.76953125,-126.171875,14,12,5.73764658,0.02675559185,8.580870628
475.378328,-506.4379094,411.8627703,0.003134765625,-0.002622070313,-0.001865234375,881.7382812,38.76953125,-126.171875,14,12,5.73764658,0.02675559185,8.580870628
475.378328,-506.4379094,411.8627703,0.003134765625,-0.002622070313,-0.001865234375,881.7382812,38.76953125,-126.171875,14,12,5.738187313,0.02675559185,8.580870628
475.378328,-506.4379094,411.8627703,0.003134765625,-0.002622070313,-0.001865234375,881.7382812,38.76953125,-126.171875,14,12,5.738187313,0.02675559185,8.580870628
475.378328,-506.4379094,411.8627703,0.003134765625,-0.002622070313,-0.001865234375,881.7382812,38.76953125,-126.171875,14,12,5.73672533,0.02675559185,8.580870628
475.378328,-506.4379094,411.8627703,0.003134765625,-0.002622070313,-0.001865234375,881.7382812,38.76953125,-126.171875,14,12,5.73672533,0.02675559185,8.580870628
475.378328,-506.4379094,411.8627703,0.003134765625,-0.002622070313,-0.001865234375,881.7382812,38.76953125,-126.171875,14,12,5.744608879,0.02675559185,8.580870628
475.378328,-506.4379094,411.8627703,0.003134765625,-0.002622070313,-0.001865234375,881.7382812,38.76953125,-126.171875,14,12,5.744608879,0.02675559185,8.580870628
475.378328,-506.4379094,411.8627703,0.003134765625,-0.002622070313,-0.001865234375,881.7382812,38.76953125,-126.171875,14,12,5.745149612,0.02675559185,7.866541386
475.378328,-506.4379094,411.8627703,0.003134765625,-0.002622070313,-0.001865234375,881.7382812,38.76953125,-126.171875,14,12,5.745149612,0.1845617294,7.866541386
475.378328,-506.4379094,411.8627703,0.003134765625,-0.002622070313,-0.001865234375,881.7382812,38.76953125,-126.171875,14,12,5.731003284,0.1845617294,7.866541386
475.378328,-506.4379094,411.8627703,0.003134765625,-0.002622070313,-0.001865234375,881.7382812,38.76953125,-126.171875,14,12,5.731003284,0.1845617294,7.866541386
475.378328,-506.4379094,411.8627703,0.003134765625,-0.002622070313,-0.001865234375,881.7382812,38.76953125,-126.171875,14,12,5.748900414,0.1845617294,7.866541386
475.378328,-506.4379094,411.8627703,0.003134765625,-0.002622070313,-0.001865234375,881.7382812,38.76953125,-126.171875,14,12,5.748900414,0.1845617294,7.866541386
475.378328,-506.4379094,411.8627703,0.003134765625,-0.002622070313,-0.001865234375,881.7382812,38.76953125,-126.171875,14,12,5.753446102,0.1845617294,7.866541386
475.378328,-506.4379094,411.8627703,0.003134765625,-0.002622070313,-0.001865234375,881.7382812,38.76953125,-126.171875,14,12,5.753446102,0.1845617294,7.866541386
475.378328,-506.4379094,411.8627703,0.003134765625,-0.002622070313,-0.001865234375,881.7382812,38.76953125,-126.171875,14,12,5.748646259,0.1845617294,7.866541386
475.378328,-506.4379094,411.8627703,0.003134765625,-0.002622070313,-0.001865234375,881.7382812,38.76953125,-126.171875,14,12,5.748646259,0.1845617294,7.866541386
475.378328,-506.4379094,411.8627703,0.003134765625,-0.002622070313,-0.001865234375,881.7382812,38.76953125,-126.171875,14,12,5.746516705,0.1845617294,7.273358345
475.378328,-506.4379094,411.8627703,0.003134765625,-0.002622070313,-0.001865234375,881.7382812,38.76953125,-126.171875,14,12,5.746516705,0.06197324768,7.273358345
475.4291767,-506.441386,411.8623562,-0.0005810546875,0.0006103515625,0.003676757813,1016.992188,-69.53125,-8.30078125,14,12,5.753732681,0.06197324768,7.273358345
475.4291767,-506.441386,411.8623562,-0.0005810546875,0.0006103515625,0.003676757813,1016.992188,-69.53125,-8.30078125,14,12,5.753732681,0.06197324768,7.273358345
475.4291767,-506.441386,411.8623562,-0.0005810546875,0.0006103515625,0.003676757813,1016.992188,-69.53125,-8.30078125,14,12,5.767624855,0.06197324768,7.273358345
475.4291767,-506.441386,411.8623562,-0.0005810546875,0.0006103515625,0.003676757813,1016.992188,-69.53125,-8.30078125,14,12,5.767624855,0.06197324768,7.273358345
475.4291767,-506.441386,411.8623562,-0.0005810546875,0.0006103515625,0.003676757813,1016.992188,-69.53125,-8.30078125,14,12,5.772838116,0.06197324768,7.273358345
475.4291767,-506.441386,411.8623562,-0.0005810546875,0.0006103515625,0.003676757813,1016.992188,-69.53125,-8.30078125,14,12,5.772838116,0.06197324768,7.273358345
475.4291767,-506.441386,411.8623562,-0.0005810546875,0.0006103515625,0.003676757813,1016.992188,-69.53125,-8.30078125,14,12,5.761362076,0.06197324768,7.273358345
475.4291767,-506.441386,411.8623562,-0.0005810546875,0.0006103515625,0.003676757813,1016.992188,-69.53125,-8.30078125,14,12,5.761362076,0.06197324768,7.273358345
475.4291767,-506.441386,411.8623562,-0.0005810546875,0.0006103515625,0.003676757813,1016.992188,-69.53125,-8.30078125,14,12,5.769913673,0.06197324768,6.994540691
475.4291767,-506.441386,411.8623562,-0.0005810546875,0.0006103515625,0.003676757813,1016.992188,-69.53125,-8.30078125,14,12,5.769913673,0.6437926292,6.994540691
475.4291767,-506.441386,411.8623562,-0.0005810546875,0.0006103515625,0.003676757813,1016.992188,-69.53125,-8.30078125,14,12,5.793818951,0.6437926292,6.994540691
475.4291767,-506.441386,411.8623562,-0.0005810546875,0.0006103515625,0.003676757813,1016.992188,-69.53125,-8.30078125,14,12,5.793818951,0.6437926292,6.994540691
475.4291767,-506.441386,411.8623562,-0.0005810546875,0.0006103515625,0.003676757813,1016.992188,-69.53125,-8.30078125,14,12,5.793024063,0.6437926292,6.994540691
475.4291767,-506.441386,411.8623562,-0.0005810546875,0.0006103515625,0.003676757813,1016.992188,-69.53125,-8.30078125,14,12,5.793024063,0.6437926292,6.994540691
475.4291767,-506.441386,411.8623562,-0.0005810546875,0.0006103515625,0.003676757813,1016.992188,-69.53125,-8.30078125,14,12,5.785553932,0.6437926292,6.994540691
475.4291767,-506.441386,411.8623562,-0.0005810546875,0.0006103515625,0.003676757813,1016.992188,-69.53125,-8.30078125,14,12,5.785553932,0.6437926292,6.994540691
475.4291767,-506.441386,411.8623562,-0.0005810546875,0.0006103515625,0.003676757813,1016.992188,-69.53125,-8.30078125,14,12,5.787429333,0.6437926292,6.994540691
475.4291767,-506.441386,411.8623562,-0.0005810546875,0.0006103515625,0.003676757813,1016.992188,-69.53125,-8.30078125,14,12,5.787429333,0.6437926292,6.994540691
475.4291767,-506.441386,411.8623562,-0.0005810546875,0.0006103515625,0.003676757813,1016.992188,-69.53125,-8.30078125,14,12,5.805994034,0.6437926292,6.868141651
475.4291767,-506.441386,411.8623562,-0.0005810546875,0.0006103515625,0.003676757813,1016.992188,-69.53125,-8.30078125,14,12,5.805994034,1.475756764,6.868141651
475.4291767,-506.441386,411.8623562,-0.0005810546875,0.0006103515625,0.003676757813,1016.992188,-69.53125,-8.30078125,14,12,5.815213203,1.475756764,6.868141651
475.4291767,-506.441386,411.8623562,-0.0005810546875,0.0006103515625,0.003676757813,1016.992188,-69.53125,-8.30078125,14,12,5.815213203,1.475756764,6.868141651
475.4291767,-506.441386,411.8623562,-0.0005810546875,0.0006103515625,0.003676757813,1016.992188,-69.53125,-8.30078125,14,12,5.804404736,1.475756764,6.868141651
475.4291767,-506.441386,411.8623562,-0.0005810546875,0.0006103515625,0.003676757813,1016.992188,-69.53125,-8.30078125,14,12,5.804404736,1.475756764,6.868141651
475.4291767,-506.441386,411.8623562,-0.0005810546875,0.0006103515625,0.003676757813,1016.992188,-69.53125,-8.30078125,14,12,5.806947708,1.475756764,6.868141651
475.4291767,-506.441386,411.8623562,-0.0005810546875,0.0006103515625,0.003676757813,1016.992188,-69.53125,-8.30078125,14,12,5.806947708,1.475756764,6.868141651
475.4291767,-506.441386,411.8623562,-0.0005810546875,0.0006103515625,0.003676757813,1016.992188,-69.53125,-8.30078125,14,12,5.822174549,1.475756764,6.868141651
475.4291767,-506.441386,411.8623562,-0.0005810546875,0.0006103515625,0.003676757813,1016.992188,-69.53125,-8.30078125,14,12,5.822174549,1.475756764,6.868141651
475.4291767,-506.441386,411.8623562,-0.0005810546875,0.0006103515625,0.003676757813,1016.992188,-69.53125,-8.30078125,14,12,5.83740139,1.475756764,7.426137924
475.4291767,-506.441386,411.8623562,-0.0005810546875,0.0006103515625,0.003676757813,1016.992188,-69.53125,-8.30078125,14,12,5.83740139,1.98724401,7.426137924
475.4722178,-506.4404387,411.8676744,-0.00228515625,0.001958007812,-0.001796875,860.8398438,18.9453125,106.3476563,14,12,5.825258255,1.98724401,7.426137924
475.4722178,-506.4404387,411.8676744,-0.00228515625,0.001958007812,-0.001796875,860.8398438,18.9453125,106.3476563,14,12,5.825258255,1.98724401,7.426137924
475.4722178,-506.4404387,411.8676744,-0.00228515625,0.001958007812,-0.001796875,860.8398438,18.9453125,106.3476563,14,12,5.820458412,1.98724401,7.426137924
475.4722178,-506.4404387,411.8676744,-0.00228515625,0.001958007812,-0.001796875,860.8398438,18.9453125,106.3476563,14,12,5.820458412,1.98724401,7.426137924
475.4722178,-506.4404387,411.8676744,-0.00228515625,0.001958007812,-0.001796875,860.8398438,18.9453125,106.3476563,14,12,5.839691162,1.98724401,7.426137924
475.4722178,-506.4404387,411.8676744,-0.00228515625,0.001958007812,-0.001796875,860.8398438,18.9453125,106.3476563,14,12,5.839691162,1.98724401,7.426137924
475.4722178,-506.4404387,411.8676744,-0.00228515625,0.001958007812,-0.001796875,860.8398438,18.9453125,106.3476563,14,12,5.843569756,1.98724401,7.426137924
475.4722178,-506.4404387,411.8676744,-0.00228515625,0.001958007812,-0.001796875,860.8398438,18.9453125,106.3476563,14,12,5.843569756,1.98724401,7.426137924
475.4722178,-506.4404387,411.8676744,-0.00228515625,0.001958007812,-0.001796875,860.8398438,18.9453125,106.3476563,14,12,5.84010458,1.98724401,8.035919189
475.4722178,-506.4404387,411.8676744,-0.00228515625,0.001958007812,-0.001796875,860.8398438,18.9453125,106.3476563,14,12,5.84010458,2.077503204,8.035919189
475.4722178,-506.4404387,411.8676744,-0.00228515625,0.001958007812,-0.001796875,860.8398438,18.9453125,106.3476563,14,12,5.838642597,2.077503204,8.035919189
475.4722178,-506.4404387,411.8676744,-0.00228515625,0.001958007812,-0.001796875,860.8398438,18.9453125,106.3476563,14,12,5.838642597,2.077503204,8.035919189
475.4722178,-506.4404387,411.8676744,-0.00228515625,0.001958007812,-0.001796875,860.8398438,18.9453125,106.3476563,14,12,5.840517998,2.077503204,8.035919189
475.4722178,-506.4404387,411.8676744,-0.00228515625,0.001958007812,-0.001796875,860.8398438,18.9453125,106.3476563,14,12,5.840517998,2.077503204,8.035919189
475.4722178,-506.4404387,411.8676744,-0.00228515625,0.001958007812,-0.001796875,860.8398438,18.9453125,106.3476563,14,12,5.853074551,2.077503204,8.035919189
475.4722178,-506.4404387,411.8676744,-0.00228515625,0.001958007812,-0.001796875,860.8398438,18.9453125,106.3476563,14,12,5.853074551,2.077503204,8.035919189
475.4722178,-506.4404387,411.8676744,-0.00228515625,0.001958007812,-0.001796875,860.8398438,18.9453125,106.3476563,14,12,5.84894228,2.077503204,8.035919189
475.4722178,-506.4404387,411.8676744,-0.00228515625,0.001958007812,-0.001796875,860.8398438,18.9453125,106.3476563,14,12,5.84894228,2.077503204,8.035919189
475.4722178,-506.4404387,411.8676744,-0.00228515625,0.001958007812,-0.001796875,860.8398438,18.9453125,106.3476563,14,12,5.838801861,2.077503204,8.476176262
475.4722178,-506.4404387,411.8676744,-0.00228515625,0.001958007812,-0.001796875,860.8398438,18.9453125,106.3476563,14,12,5.838801861,1.671378613,8.476176262
475.4722178,-506.4404387,411.8676744,-0.00228515625,0.001958007812,-0.001796875,860.8398438,18.9453125,106.3476563,14,12,5.839342594,1.671378613,8.476176262
475.4722178,-506.4404387,411.8676744,-0.00228515625,0.001958007812,-0.001796875,860.8398438,18.9453125,106.3476563,14,12,5.839342594,1.671378613,8.476176262
475.4722178,-506.4404387,411.8676744,-0.00228515625,0.001958007812,-0.001796875,860.8398438,18.9453125,106.3476563,14,12,5.851232052,1.671378613,8.476176262
475.4722178,-506.4404387,411.8676744,-0.00228515625,0.001958007812,-0.001796875,860.8398438,18.9453125,106.3476563,14,12,5.851232052,1.671378613,8.476176262
475.4722178,-506.4404387,411.8676744,-0.00228515625,0.001958007812,-0.001796875,860.8398438,18.9453125,106.3476563,14,12,5.843761921,1.671378613,8.476176262
475.4722178,-506.4404387,411.8676744,-0.00228515625,0.001958007812,-0.001796875,860.8398438,18.9453125,106.3476563,14,12,5.843761921,1.671378613,8.476176262
475.4722178,-506.4404387,411.8676744,-0.00228515625,0.001958007812,-0.001796875,860.8398438,18.9453125,106.3476563,14,12,5.828280926,1.671378613,8.476176262
475.4722178,-506.4404387,411.8676744,-0.00228515625,0.001958007812,-0.001796875,860.8398438,18.9453125,106.3476563,14,12,5.828280926,1.671378613,8.476176262
475.4722178,-506.4404387,411.8676744,-0.00228515625,0.001958007812,-0.001796875,860.8398438,18.9453125,106.3476563,14,12,5.832826614,1.671378613,8.69386673
475.4722178,-506.4404387,411.8676744,-0.00228515625,0.001958007812,-0.001796875,860.8398438,18.9453125,106.3476563,14,12,5.832826614,0.9643745422,8.69386673
475.5151221,-506.4380217,411.8627681,0.002744140625,-0.0022265625,-0.001782226563,858.1054688,48.33984375,-98.14453125,14,12,5.829361439,0.9643745422,8.69386673
475.5151221,-506.4380217,411.8627681,0.002744140625,-0.0022265625,-0.001782226563,858.1054688,48.33984375,-98.14453125,14,12,5.829361439,0.9643745422,8.69386673
475.5151221,-506.4380217,411.8627681,0.002744140625,-0.0022265625,-0.001782226563,858.1054688,48.33984375,-98.14453125,14,12,5.833240032,0.9643745422,8.69386673
475.5151221,-506.4380217,411.8627681,0.002744140625,-0.0022265625,-0.001782226563,858.1054688,48.33984375,-98.14453125,14,12,5.833240032,0.9643745422,8.69386673
475.5151221,-506.4380217,411.8627681,0.002744140625,-0.0022265625,-0.001782226563,858.1054688,48.33984375,-98.14453125,14,12,5.8144207,0.9643745422,8.69386673
475.5151221,-506.4380217,411.8627681,0.002744140625,-0.0022265625,-0.001782226563,858.1054688,48.33984375,-98.14453125,14,12,5.8144207,0.9643745422,8.69386673
475.5151221,-506.4380217,411.8627681,0.002744140625,-0.0022265625,-0.001782226563,858.1054688,48.33984375,-98.14453125,14,12,5.810288429,0.9643745422,8.69386673
475.5151221,-506.4380217,411.8627681,0.002744140625,-0.0022265625,-0.001782226563,858.1054688,48.33984375,-98.14453125,14,12,5.810288429,0.9643745422,8.69386673
475.5151221,-506.4380217,411.8627681,0.002744140625,-0.0022265625,-0.001782226563,858.1054688,48.33984375,-98.14453125,14,12,5.80348587,0.9643745422,8.672227859
475.5151221,-506.4380217,411.8627681,0.002744140625,-0.0022265625,-0.001782226563,858.1054688,48.33984375,-98.14453125,14,12,5.80348587,0.1876740456,8.672227859
475.5151221,-506.4380217,411.8627681,0.002744140625,-0.0022265625,-0.001782226563,858.1054688,48.33984375,-98.14453125,14,12,5.810034752,0.1876740456,8.672227859
475.5151221,-506.4380217,411.8627681,0.002744140625,-0.0022265625,-0.001782226563,858.1054688,48.33984375,-98.14453125,14,12,5.810034752,0.1876740456,8.672227859
475.5151221,-506.4380217,411.8627681,0.002744140625,-0.0022265625,-0.001782226563,858.1054688,48.33984375,-98.14453125,14,12,5.795888424,0.1876740456,8.672227859
475.5151221,-506.4380217,411.8627681,0.002744140625,-0.0022265625,-0.001782226563,858.1054688,48.33984375,-98.14453125,14,12,5.795888424,0.1876740456,8.672227859
475.5151221,-506.4380217,411.8627681,0.002744140625,-0.0022265625,-0.001782226563,858.1054688,48.33984375,-98.14453125,14,12,5.805774689,0.1876740456,8.672227859
475.5151221,-506.4380217,411.8627681,0.002744140625,-0.0022265625,-0.001782226563,858.1054688,48.33984375,-98.14453125,14,12,5.805774689,0.1876740456,8.672227859
475.5151221,-506.4380217,411.8627681,0.002744140625,-0.0022265625,-0.001782226563,858.1054688,48.33984375,-98.14453125,14,12,5.79563427,0.1876740456,8.672227859
475.5151221,-506.4380217,411.8627681,0.002744140625,-0.0022265625,-0.001782226563,858.1054688,48.33984375,-98.14453125,14,12,5.79563427,0.1876740456,8.672227859
475.5151221,-506.4380217,411.8627681,0.002744140625,-0.0022265625,-0.001782226563,858.1054688,48.33984375,-98.14453125,14,12,5.785493851,0.1876740456,8.393180847
475.5151221,-506.4380217,411.8627681,0.002744140625,-0.0022265625,-0.001782226563,858.1054688,48.33984375,-98.14453125,14,12,5.785493851,0.204513669,8.393180847
475.5151221,-506.4380217,411.8627681,0.002744140625,-0.0022265625,-0.001782226563,858.1054688,48.33984375,-98.14453125,14,12,5.787369251,0.204513669,8.393180847
475.5151221,-506.4380217,411.8627681,0.002744140625,-0.0022265625,-0.001782226563,858.1054688,48.33984375,-98.14453125,14,12,5.787369251,0.204513669,8.393180847
475.5151221,-506.4380217,411.8627681,0.002744140625,-0.0022265625,-0.001782226563,858.1054688,48.33984375,-98.14453125,14,12,5.788577557,0.204513669,8.393180847
475.5151221,-506.4380217,411.8627681,0.002744140625,-0.0022265625,-0.001782226563,858.1054688,48.33984375,-98.14453125,14,12,5.788577557,0.204513669,8.393180847
475.5151221,-506.4380217,411.8627681,0.002744140625,-0.0022265625,-0.001782226563,858.1054688,48.33984375,-98.14453125,14,12,5.793790817,0.204513669,8.393180847
475.5151221,-506.4380217,411.8627681,0.002744140625,-0.0022265625,-0.001782226563,858.1054688,48.33984375,-98.14453125,14,12,5.793790817,0.204513669,8.393180847
475.5151221,-506.4380217,411.8627681,0.002744140625,-0.0022265625,-0.001782226563,858.1054688,48.33984375,-98.14453125,14,12,5.779644489,0.204513669,8.393180847
475.5151221,-506.4380217,411.8627681,0.002744140625,-0.0022265625,-0.001782226563,858.1054688,48.33984375,-98.14453125,14,12,5.779644489,0.204513669,8.393180847
475.5151221,-506.4380217,411.8627681,0.002744140625,-0.0022265625,-0.001782226563,858.1054688,48.33984375,-98.14453125,14,12,5.77150631,0.204513669,7.687311649
475.5151221,-506.4380217,411.8627681,0.002744140625,-0.0022265625,-0.001782226563,858.1054688,48.33984375,-98.14453125,14,12,5.77150631,0.1697812378,7.687311649
475.5655656,-506.4413469,411.8615288,0.00041015625,0.00056640625,0.004350585938,1008.886719,-66.50390625,-24.8046875,14,12,5.78673315,0.1697812378,7.687311649
475.5655656,-506.4413469,411.8615288,0.00041015625,0.00056640625,0.004350585938,1008.886719,-66.50390625,-24.8046875,14,12,5.78673315,0.1697812378,7.687311649
475.5655656,-506.4413469,411.8615288,0.00041015625,0.00056640625,0.004350585938,1008.886719,-66.50390625,-24.8046875,14,12,5.79595232,0.1697812378,7.687311649
475.5655656,-506.4413469,411.8615288,0.00041015625,0.00056640625,0.004350585938,1008.886719,-66.50390625,-24.8046875,14,12,5.79595232,0.1697812378,7.687311649
475.5655656,-506.4413469,411.8615288,0.00041015625,0.00056640625,0.004350585938,1008.886719,-66.50390625,-24.8046875,14,12,5.771125317,0.1697812378,7.687311649
475.5655656,-506.4413469,411.8615288,0.00041015625,0.00056640625,0.004350585938,1008.886719,-66.50390625,-24.8046875,14,12,5.771125317,0.1697812378,7.687311649
475.5655656,-506.4413469,411.8615288,0.00041015625,0.00056640625,0.004350585938,1008.886719,-66.50390625,-24.8046875,14,12,5.77166605,0.1697812378,7.687311649
475.5655656,-506.4413469,411.8615288,0.00041015625,0.00056640625,0.004350585938,1008.886719,-66.50390625,-24.8046875,14,12,5.77166605,0.1697812378,7.687311649
475.5655656,-506.4413469,411.8615288,0.00041015625,0.00056640625,0.004350585938,1008.886719,-66.50390625,-24.8046875,14,12,5.768868446,0.1697812378,7.181908607
475.5655656,-506.4413469,411.8615288,0.00041015625,0.00056640625,0.004350585938,1008.886719,-66.50390625,-24.8046875,14,12,5.768868446,0.2799325287,7.181908607
475.5655656,-506.4413469,411.8615288,0.00041015625,0.00056640625,0.004350585938,1008.886719,-66.50390625,-24.8046875,14,12,5.782092571,0.2799325287,7.181908607
475.5655656,-506.4413469,411.8615288,0.00041015625,0.00056640625,0.004350585938,1008.886719,-66.50390625,-24.8046875,14,12,5.782092571,0.2799325287,7.181908607
475.5655656,-506.4413469,411.8615288,0.00041015625,0.00056640625,0.004350585938,1008.886719,-66.50390625,-24.8046875,14,12,5.772619724,0.2799325287,7.181908607
475.5655656,-506.4413469,411.8615288,0.00041015625,0.00056640625,0.004350585938,1008.886719,-66.50390625,-24.8046875,14,12,5.772619724,0.2799325287,7.181908607
475.5655656,-506.4413469,411.8615288,0.00041015625,0.00056640625,0.004350585938,1008.886719,-66.50390625,-24.8046875,14,12,5.760476589,0.2799325287,7.181908607
475.5655656,-506.4413469,411.8615288,0.00041015625,0.00056640625,0.004350585938,1008.886719,-66.50390625,-24.8046875,14,12,5.760476589,0.2799325287,7.181908607
475.5655656,-506.4413469,411.8615288,0.00041015625,0.00056640625,0.004350585938,1008.886719,-66.50390625,-24.8046875,14,12,5.770362854,0.2799325287,7.181908607
475.5655656,-506.4413469,411.8615288,0.00041015625,0.00056640625,0.004350585938,1008.886719,-66.50390625,-24.8046875,14,12,5.770362854,0.2799325287,7.181908607
475.5655656,-506.4413469,411.8615288,0.00041015625,0.00056640625,0.004350585938,1008.886719,-66.50390625,-24.8046875,14,12,5.788259983,0.2799325287,7.042422295
475.5655656,-506.4413469,411.8615288,0.00041015625,0.00056640625,0.004350585938,1008.886719,-66.50390625,-24.8046875,14,12,5.788259983,1.057708025,7.042422295
475.5655656,-506.4413469,411.8615288,0.00041015625,0.00056640625,0.004350585938,1008.886719,-66.50390625,-24.8046875,14,12,5.774781227,1.057708025,7.042422295
475.5655656,-506.4413469,411.8615288,0.00041015625,0.00056640625,0.004350585938,1008.886719,-66.50390625,-24.8046875,14,12,5.774781227,1.057708025,7.042422295
475.5655656,-506.4413469,411.8615288,0.00041015625,0.00056640625,0.004350585938,1008.886719,-66.50390625,-24.8046875,14,12,5.768645763,1.057708025,7.042422295
475.5655656,-506.4413469,411.8615288,0.00041015625,0.00056640625,0.004350585938,1008.886719,-66.50390625,-24.8046875,14,12,5.768645763,1.057708025,7.042422295
475.5655656,-506.4413469,411.8615288,0.00041015625,0.00056640625,0.004350585938,1008.886719,-66.50390625,-24.8046875,14,12,5.773191452,1.057708025,7.042422295
475.5655656,-506.4413469,411.8615288,0.00041015625,0.00056640625,0.004350585938,1008.886719,-66.50390625,-24.8046875,14,12,5.773191452,1.057708025,7.042422295
475.5655656,-506.4413469,411.8615288,0.00041015625,0.00056640625,0.004350585938,1008.886719,-66.50390625,-24.8046875,14,12,5.792424202,1.057708025,7.042422295
475.5655656,-506.4413469,411.8615288,0.00041015625,0.00056640625,0.004350585938,1008.886719,-66.50390625,-24.8046875,14,12,5.792424202,1.057708025,7.042422295
475.5655656,-506.4413469,411.8615288,0.00041015625,0.00056640625,0.004350585938,1008.886719,-66.50390625,-24.8046875,14,12,5.787624359,1.057708025,7.286559582
475.5655656,-506.4413469,411.8615288,0.00041015625,0.00056640625,0.004350585938,1008.886719,-66.50390625,-24.8046875,14,12,5.787624359,1.769266129,7.286559582
475.6092023,-506.4410393,411.8681362,-0.002060546875,0.001918945313,-0.001552734375,872.7539063,6.15234375,132.1289063,14,12,5.766802788,1.769266129,7.286559582
475.6092023,-506.4410393,411.8681362,-0.002060546875,0.001918945313,-0.001552734375,872.7539063,6.15234375,132.1289063,14,12,5.766802788,1.769266129,7.286559582
475.6092023,-506.4410393,411.8681362,-0.002060546875,0.001918945313,-0.001552734375,872.7539063,6.15234375,132.1289063,14,12,5.770013809,1.769266129,7.286559582
475.6092023,-506.4410393,411.8681362,-0.002060546875,0.001918945313,-0.001552734375,872.7539063,6.15234375,132.1289063,14,12,5.770013809,1.769266129,7.286559582
475.6092023,-506.4410393,411.8681362,-0.002060546875,0.001918945313,-0.001552734375,872.7539063,6.15234375,132.1289063,14,12,5.787243843,1.769266129,7.286559582
475.6092023,-506.4410393,411.8681362,-0.002060546875,0.001918945313,-0.001552734375,872.7539063,6.15234375,132.1289063,14,12,5.787243843,1.769266129,7.286559582
475.6092023,-506.4410393,411.8681362,-0.002060546875,0.001918945313,-0.001552734375,872.7539063,6.15234375,132.1289063,14,12,5.779105663,1.769266129,7.286559582
475.6092023,-506.4410393,411.8681362,-0.002060546875,0.001918945313,-0.001552734375,872.7539063,6.15234375,132.1289063,14,12,5.779105663,1.769266129,7.286559582
475.6092023,-506.4410393,411.8681362,-0.002060546875,0.001918945313,-0.001552734375,872.7539063,6.15234375,132.1289063,14,12,5.784986973,1.769266129,7.861575603
475.6092023,-506.4410393,411.8681362,-0.002060546875,0.001918945313,-0.001552734375,872.7539063,6.15234375,132.1289063,14,12,5.784986973,2.041862488,7.861575603
475.6092023,-506.4410393,411.8681362,-0.002060546875,0.001918945313,-0.001552734375,872.7539063,6.15234375,132.1289063,14,12,5.774178505,2.041862488,7.861575603
475.6092023,-506.4410393,411.8681362,-0.002060546875,0.001918945313,-0.001552734375,872.7539063,6.15234375,132.1289063,14,12,5.774178505,2.041862488,7.861575603
475.6092023,-506.4410393,411.8681362,-0.002060546875,0.001918945313,-0.001552734375,872.7539063,6.15234375,132.1289063,14,12,5.783397675,2.041862488,7.861575603
475.6092023,-506.4410393,411.8681362,-0.002060546875,0.001918945313,-0.001552734375,872.7539063,6.15234375,132.1289063,14,12,5.783397675,2.041862488,7.861575603
475.6092023,-506.4410393,411.8681362,-0.002060546875,0.001918945313,-0.001552734375,872.7539063,6.15234375,132.1289063,14,12,5.801962376,2.041862488,7.861575603
475.6092023,-506.4410393,411.8681362,-0.002060546875,0.001918945313,-0.001552734375,872.7539063,6.15234375,132.1289063,14,12,5.801962376,2.041862488,7.861575603
475.6092023,-506.4410393,411.8681362,-0.002060546875,0.001918945313,-0.001552734375,872.7539063,6.15234375,132.1289063,14,12,5.778470516,2.041862488,7.861575603
475.6092023,-506.4410393,411.8681362,-0.002060546875,0.001918945313,-0.001552734375,872.7539063,6.15234375,132.1289063,14,12,5.778470516,2.041862488,7.861575603
475.6092023,-506.4410393,411.8681362,-0.002060546875,0.001918945313,-0.001552734375,872.7539063,6.15234375,132.1289063,14,12,5.777008533,2.041862488,8.358312607
475.6092023,-506.4410393,411.8681362,-0.002060546875,0.001918945313,-0.001552734375,872.7539063,6.15234375,132.1289063,14,12,5.777008533,1.822273493,8.358312607
475.6092023,-506.4410393,411.8681362,-0.002060546875,0.001918945313,-0.001552734375,872.7539063,6.15234375,132.1289063,14,12,5.785560131,1.822273493,8.358312607
475.6092023,-506.4410393,411.8681362,-0.002060546875,0.001918945313,-0.001552734375,872.7539063,6.15234375,132.1289063,14,12,5.785560131,1.822273493,8.358312607
475.6092023,-506.4410393,411.8681362,-0.002060546875,0.001918945313,-0.001552734375,872.7539063,6.15234375,132.1289063,14,12,5.782762527,1.822273493,8.358312607
475.6092023,-506.4410393,411.8681362,-0.002060546875,0.001918945313,-0.001552734375,872.7539063,6.15234375,132.1289063,14,12,5.782762527,1.822273493,8.358312607
475.6092023,-506.4410393,411.8681362,-0.002060546875,0.001918945313,-0.001552734375,872.7539063,6.15234375,132.1289063,14,12,5.76995182,1.822273493,8.358312607
475.6092023,-506.4410393,411.8681362,-0.002060546875,0.001918945313,-0.001552734375,872.7539063,6.15234375,132.1289063,14,12,5.76995182,1.822273493,8.358312607
475.6092023,-506.4410393,411.8681362,-0.002060546875,0.001918945313,-0.001552734375,872.7539063,6.15234375,132.1289063,14,12,5.768489838,1.822273493,8.358312607
475.6092023,-506.4410393,411.8681362,-0.002060546875,0.001918945313,-0.001552734375,872.7539063,6.15234375,132.1289063,14,12,5.768489838,1.822273493,8.358312607
475.6092023,-506.4410393,411.8681362,-0.002060546875,0.001918945313,-0.001552734375,872.7539063,6.15234375,132.1289063,14,12,5.761019707,1.822273493,8.846719742
475.6092023,-506.4410393,411.8681362,-0.002060546875,0.001918945313,-0.001552734375,872.7539063,6.15234375,132.1289063,14,12,5.761019707,1.20323503,8.846719742
475.6509348,-506.4375188,411.8650267,0.003090820313,-0.001860351563,-0.003657226563,834.6679688,70.41015625,-62.20703125,14,12,5.769571304,1.20323503,8.846719742
475.6509348,-506.4375188,411.8650267,0.003090820313,-0.001860351563,-0.003657226563,834.6679688,70.41015625,-62.20703125,14,12,5.769571304,1.20323503,8.846719742
475.6509348,-506.4375188,411.8650267,0.003090820313,-0.001860351563,-0.003657226563,834.6679688,70.41015625,-62.20703125,14,12,5.755424976,1.20323503,8.846719742
475.6509348,-506.4375188,411.8650267,0.003090820313,-0.001860351563,-0.003657226563,834.6679688,70.41015625,-62.20703125,14,12,5.755424976,1.20323503,8.846719742
475.6509348,-506.4375188,411.8650267,0.003090820313,-0.001860351563,-0.003657226563,834.6679688,70.41015625,-62.20703125,14,12,5.755297661,1.20323503,8.846719742
475.6509348,-506.4375188,411.8650267,0.003090820313,-0.001860351563,-0.003657226563,834.6679688,70.41015625,-62.20703125,14,12,5.755297661,1.20323503,8.846719742
475.6509348,-506.4375188,411.8650267,0.003090820313,-0.001860351563,-0.003657226563,834.6679688,70.41015625,-62.20703125,14,12,5.751832485,1.20323503,8.846719742
475.6509348,-506.4375188,411.8650267,0.003090820313,-0.001860351563,-0.003657226563,834.6679688,70.41015625,-62.20703125,14,12,5.751832485,1.20323503,8.846719742
475.6509348,-506.4375188,411.8650267,0.003090820313,-0.001860351563,-0.003657226563,834.6679688,70.41015625,-62.20703125,14,12,5.749034882,1.20323503,8.811817169
475.6509348,-506.4375188,411.8650267,0.003090820313,-0.001860351563,-0.003657226563,834.6679688,70.41015625,-62.20703125,14,12,5.749034882,0.4911485314,8.811817169
475.6509348,-506.4375188,411.8650267,0.003090820313,-0.001860351563,-0.003657226563,834.6679688,70.41015625,-62.20703125,14,12,5.748239994,0.4911485314,8.811817169
475.6509348,-506.4375188,411.8650267,0.003090820313,-0.001860351563,-0.003657226563,834.6679688,70.41015625,-62.20703125,14,12,5.748239994,0.4911485314,8.811817169
475.6509348,-506.4375188,411.8650267,0.003090820313,-0.001860351563,-0.003657226563,834.6679688,70.41015625,-62.20703125,14,12,5.746110439,0.4911485314,8.811817169
475.6509348,-506.4375188,411.8650267,0.003090820313,-0.001860351563,-0.003657226563,834.6679688,70.41015625,-62.20703125,14,12,5.746110439,0.4911485314,8.811817169
475.6509348,-506.4375188,411.8650267,0.003090820313,-0.001860351563,-0.003657226563,834.6679688,70.41015625,-62.20703125,14,12,5.752659321,0.4911485314,8.811817169
475.6509348,-506.4375188,411.8650267,0.003090820313,-0.001860351563,-0.003657226563,834.6679688,70.41015625,-62.20703125,14,12,5.752659321,0.4911485314,8.811817169
475.6509348,-506.4375188,411.8650267,0.003090820313,-0.001860351563,-0.003657226563,834.6679688,70.41015625,-62.20703125,14,12,5.745856762,0.4911485314,8.811817169
475.6509348,-506.4375188,411.8650267,0.003090820313,-0.001860351563,-0.003657226563,834.6679688,70.41015625,-62.20703125,14,12,5.745856762,0.4911485314,8.811817169
475.6509348,-506.4375188,411.8650267,0.003090820313,-0.001860351563,-0.003657226563,834.6679688,70.41015625,-62.20703125,14,12,5.741724491,0.4911485314,8.358311653
475.6509348,-506.4375188,411.8650267,0.003090820313,-0.001860351563,-0.003657226563,834.6679688,70.41015625,-62.20703125,14,12,5.741724491,0.04040647671,8.358311653
475.6509348,-506.4375188,411.8650267,0.003090820313,-0.001860351563,-0.003657226563,834.6679688,70.41015625,-62.20703125,14,12,5.742265224,0.04040647671,8.358311653
475.6509348,-506.4375188,411.8650267,0.003090820313,-0.001860351563,-0.003657226563,834.6679688,70.41015625,-62.20703125,14,12,5.742265224,0.04040647671,8.358311653
475.6509348,-506.4375188,411.8650267,0.003090820313,-0.001860351563,-0.003657226563,834.6679688,70.41015625,-62.20703125,14,12,5.745476246,0.04040647671,8.358311653
475.6509348,-506.4375188,411.8650267,0.003090820313,-0.001860351563,-0.003657226563,834.6679688,70.41015625,-62.20703125,14,12,5.745476246,0.04040647671,8.358311653
475.6509348,-506.4375188,411.8650267,0.003090820313,-0.001860351563,-0.003657226563,834.6679688,70.41015625,-62.20703125,14,12,5.740676403,0.04040647671,8.358311653
475.6509348,-506.4375188,411.8650267,0.003090820313,-0.001860351563,-0.003657226563,834.6679688,70.41015625,-62.20703125,14,12,5.740676403,0.04040647671,8.358311653
475.6509348,-506.4375188,411.8650267,0.003090820313,-0.001860351563,-0.003657226563,834.6679688,70.41015625,-62.20703125,14,12,5.73587656,0.04040647671,8.358311653
475.6509348,-506.4375188,411.8650267,0.003090820313,-0.001860351563,-0.003657226563,834.6679688,70.41015625,-62.20703125,14,12,5.73587656,0.04040647671,8.358311653
475.6509348,-506.4375188,411.8650267,0.003090820313,-0.001860351563,-0.003657226563,834.6679688,70.41015625,-62.20703125,14,12,5.743760109,0.04040647671,7.726891518
475.6509348,-506.4375188,411.8650267,0.003090820313,-0.001860351563,-0.003657226563,834.6679688,70.41015625,-62.20703125,14,12,5.743760109,0.1353006661,7.726891518
475.7012708,-506.4406731,411.8613167,0.001020507812,-0.000380859375,0.003403320312,1006.738281,-63.0859375,-74.21875,14,12,5.752979279,0.1353006661,7.726891518
475.7012708,-506.4406731,411.8613167,0.001020507812,-0.000380859375,0.003403320312,1006.738281,-63.0859375,-74.21875,14,12,5.752979279,0.1353006661,7.726891518
475.7012708,-506.4406731,411.8613167,0.001020507812,-0.000380859375,0.003403320312,1006.738281,-63.0859375,-74.21875,14,12,5.754854679,0.1353006661,7.726891518
475.7012708,-506.4406731,411.8613167,0.001020507812,-0.000380859375,0.003403320312,1006.738281,-63.0859375,-74.21875,14,12,5.754854679,0.1353006661,7.726891518
475.7012708,-506.4406731,411.8613167,0.001020507812,-0.000380859375,0.003403320312,1006.738281,-63.0859375,-74.21875,14,12,5.742043972,0.1353006661,7.726891518
475.7012708,-506.4406731,411.8613167,0.001020507812,-0.000380859375,0.003403320312,1006.738281,-63.0859375,-74.21875,14,12,5.742043972,0.1353006661,7.726891518
475.7012708,-506.4406731,411.8613167,0.001020507812,-0.000380859375,0.003403320312,1006.738281,-63.0859375,-74.21875,14,12,5.754600525,0.1353006661,7.726891518
475.7012708,-506.4406731,411.8613167,0.001020507812,-0.000380859375,0.003403320312,1006.738281,-63.0859375,-74.21875,14,12,5.754600525,0.1353006661,7.726891518
475.7012708,-506.4406731,411.8613167,0.001020507812,-0.000380859375,0.003403320312,1006.738281,-63.0859375,-74.21875,14,12,5.772497654,0.1353006661,7.112158775
475.7012708,-506.4406731,411.8613167,0.001020507812,-0.000380859375,0.003403320312,1006.738281,-63.0859375,-74.21875,14,12,5.772497654,0.1755326092,7.112158775
475.7012708,-506.4406731,411.8613167,0.001020507812,-0.000380859375,0.003403320312,1006.738281,-63.0859375,-74.21875,14,12,5.777043343,0.1755326092,7.112158775
475.7012708,-506.4406731,411.8613167,0.001020507812,-0.000380859375,0.003403320312,1006.738281,-63.0859375,-74.21875,14,12,5.777043343,0.1755326092,7.112158775
475.7012708,-506.4406731,411.8613167,0.001020507812,-0.000380859375,0.003403320312,1006.738281,-63.0859375,-74.21875,14,12,5.758892059,0.1755326092,7.112158775
475.7012708,-506.4406731,411.8613167,0.001020507812,-0.000380859375,0.003403320312,1006.738281,-63.0859375,-74.21875,14,12,5.758892059,0.1755326092,7.112158775
475.7012708,-506.4406731,411.8613167,0.001020507812,-0.000380859375,0.003403320312,1006.738281,-63.0859375,-74.21875,14,12,5.770113945,0.1755326092,7.112158775
475.7012708,-506.4406731,411.8613167,0.001020507812,-0.000380859375,0.003403320312,1006.738281,-63.0859375,-74.21875,14,12,5.770113945,0.1755326092,7.112158775
475.7012708,-506.4406731,411.8613167,0.001020507812,-0.000380859375,0.003403320312,1006.738281,-63.0859375,-74.21875,14,12,5.786676407,0.1755326092,7.112158775
475.7012708,-506.4406731,411.8613167,0.001020507812,-0.000380859375,0.003403320312,1006.738281,-63.0859375,-74.21875,14,12,5.786676407,0.1755326092,7.112158775
475.7012708,-506.4406731,411.8613167,0.001020507812,-0.000380859375,0.003403320312,1006.738281,-63.0859375,-74.21875,14,12,5.794559956,0.1755326092,6.811484814
475.7012708,-506.4406731,411.8613167,0.001020507812,-0.000380859375,0.003403320312,1006.738281,-63.0859375,-74.21875,14,12,5.794559956,0.8465115428,6.811484814
475.7012708,-506.4406731,411.8613167,0.001020507812,-0.000380859375,0.003403320312,1006.738281,-63.0859375,-74.21875,14,12,5.785754204,0.8465115428,6.811484814
475.7012708,-506.4406731,411.8613167,0.001020507812,-0.000380859375,0.003403320312,1006.738281,-63.0859375,-74.21875,14,12,5.785754204,0.8465115428,6.811484814
475.7012708,-506.4406731,411.8613167,0.001020507812,-0.000380859375,0.003403320312,1006.738281,-63.0859375,-74.21875,14,12,5.781621933,0.8465115428,6.811484814
475.7012708,-506.4406731,411.8613167,0.001020507812,-0.000380859375,0.003403320312,1006.738281,-63.0859375,-74.21875,14,12,5.781621933,0.8465115428,6.811484814
475.7012708,-506.4406731,411.8613167,0.001020507812,-0.000380859375,0.003403320312,1006.738281,-63.0859375,-74.21875,14,12,5.808197498,0.8465115428,6.811484814
475.7012708,-506.4406731,411.8613167,0.001020507812,-0.000380859375,0.003403320312,1006.738281,-63.0859375,-74.21875,14,12,5.808197498,0.8465115428,6.811484814
475.7012708,-506.4406731,411.8613167,0.001020507812,-0.000380859375,0.003403320312,1006.738281,-63.0859375,-74.21875,14,12,5.816081047,0.8465115428,6.811484814
475.7012708,-506.4406731,411.8613167,0.001020507812,-0.000380859375,0.003403320312,1006.738281,-63.0859375,-74.21875,14,12,5.816081047,0.8465115428,6.811484814
475.7012708,-506.4406731,411.8613167,0.001020507812,-0.000380859375,0.003403320312,1006.738281,-63.0859375,-74.21875,14,12,5.808610916,0.8465115428,6.902990818
475.7012708,-506.4406731,411.8613167,0.001020507812,-0.000380859375,0.003403320312,1006.738281,-63.0859375,-74.21875,14,12,5.808610916,1.670983076,6.902990818
475.7467582,-506.4416741,411.8666106,-0.003374023438,0.0016796875,9.765625e-05,909.765625,-20.01953125,105.859375,14,12,5.807816029,1.670983076,6.902990818
475.7467582,-506.4416741,411.8666106,-0.003374023438,0.0016796875,9.765625e-05,909.765625,-20.01953125,105.859375,14,12,5.807816029,1.670983076,6.902990818
475.7467582,-506.4416741,411.8666106,-0.003374023438,0.0016796875,9.765625e-05,909.765625,-20.01953125,105.859375,14,12,5.825046062,1.670983076,6.902990818
475.7467582,-506.4416741,411.8666106,-0.003374023438,0.0016796875,9.765625e-05,909.765625,-20.01953125,105.859375,14,12,5.825046062,1.670983076,6.902990818
475.7467582,-506.4416741,411.8666106,-0.003374023438,0.0016796875,9.765625e-05,909.765625,-20.01953125,105.859375,14,12,5.834932327,1.670983076,6.902990818
475.7467582,-506.4416741,411.8666106,-0.003374023438,0.0016796875,9.765625e-05,909.765625,-20.01953125,105.859375,14,12,5.834932327,1.670983076,6.902990818
475.7467582,-506.4416741,411.8666106,-0.003374023438,0.0016796875,9.765625e-05,909.765625,-20.01953125,105.859375,14,12,5.835473061,1.670983076,6.902990818
475.7467582,-506.4416741,411.8666106,-0.003374023438,0.0016796875,9.765625e-05,909.765625,-20.01953125,105.859375,14,12,5.835473061,1.670983076,6.902990818
475.7467582,-506.4416741,411.8666106,-0.003374023438,0.0016796875,9.765625e-05,909.765625,-20.01953125,105.859375,14,12,5.826667309,1.670983076,7.308226109
475.7467582,-506.4416741,411.8666106,-0.003374023438,0.0016796875,9.765625e-05,909.765625,-20.01953125,105.859375,14,12,5.826667309,2.18887949,7.308226109
475.7467582,-506.4416741,411.8666106,-0.003374023438,0.0016796875,9.765625e-05,909.765625,-20.01953125,105.859375,14,12,5.836553574,2.18887949,7.308226109
475.7467582,-506.4416741,411.8666106,-0.003374023438,0.0016796875,9.765625e-05,909.765625,-20.01953125,105.859375,14,12,5.836553574,2.18887949,7.308226109
475.7467582,-506.4416741,411.8666106,-0.003374023438,0.0016796875,9.765625e-05,909.765625,-20.01953125,105.859375,14,12,5.845772743,2.18887949,7.308226109
475.7467582,-506.4416741,411.8666106,-0.003374023438,0.0016796875,9.765625e-05,909.765625,-20.01953125,105.859375,14,12,5.845772743,2.18887949,7.308226109
475.7467582,-506.4416741,411.8666106,-0.003374023438,0.0016796875,9.765625e-05,909.765625,-20.01953125,105.859375,14,12,5.845645428,2.18887949,7.308226109
475.7467582,-506.4416741,411.8666106,-0.003374023438,0.0016796875,9.765625e-05,909.765625,-20.01953125,105.859375,14,12,5.845645428,2.18887949,7.308226109
475.7467582,-506.4416741,411.8666106,-0.003374023438,0.0016796875,9.765625e-05,909.765625,-20.01953125,105.859375,14,12,5.838842869,2.18887949,7.308226109
475.7467582,-506.4416741,411.8666106,-0.003374023438,0.0016796875,9.765625e-05,909.765625,-20.01953125,105.859375,14,12,5.838842869,2.18887949,7.308226109
475.7467582,-506.4416741,411.8666106,-0.003374023438,0.0016796875,9.765625e-05,909.765625,-20.01953125,105.859375,14,12,5.846726418,2.18887949,8.188785553
475.7467582,-506.4416741,411.8666106,-0.003374023438,0.0016796875,9.765625e-05,909.765625,-20.01953125,105.859375,14,12,5.846726418,2.005907774,8.188785553
475.7467582,-506.4416741,411.8666106,-0.003374023438,0.0016796875,9.765625e-05,909.765625,-20.01953125,105.859375,14,12,5.855278015,2.005907774,8.188785553
475.7467582,-506.4416741,411.8666106,-0.003374023438,0.0016796875,9.765625e-05,909.765625,-20.01953125,105.859375,14,12,5.855278015,2.005907774,8.188785553
475.7467582,-506.4416741,411.8666106,-0.003374023438,0.0016796875,9.765625e-05,909.765625,-20.01953125,105.859375,14,12,5.857820988,2.005907774,8.188785553
475.7467582,-506.4416741,411.8666106,-0.003374023438,0.0016796875,9.765625e-05,909.765625,-20.01953125,105.859375,14,12,5.857820988,2.005907774,8.188785553
475.7467582,-506.4416741,411.8666106,-0.003374023438,0.0016796875,9.765625e-05,909.765625,-20.01953125,105.859375,14,12,5.844342232,2.005907774,8.188785553
475.7467582,-506.4416741,411.8666106,-0.003374023438,0.0016796875,9.765625e-05,909.765625,-20.01953125,105.859375,14,12,5.844342232,2.005907774,8.188785553
475.7467582,-506.4416741,411.8666106,-0.003374023438,0.0016796875,9.765625e-05,909.765625,-20.01953125,105.859375,14,12,5.843547344,2.005907774,8.188785553
475.7467582,-506.4416741,411.8666106,-0.003374023438,0.0016796875,9.765625e-05,909.765625,-20.01953125,105.859375,14,12,5.843547344,2.005907774,8.188785553
475.7467582,-506.4416741,411.8666106,-0.003374023438,0.0016796875,9.765625e-05,909.765625,-20.01953125,105.859375,14,12,5.857439518,2.005907774,8.650679588
475.7467582,-506.4416741,411.8666106,-0.003374023438,0.0016796875,9.765625e-05,909.765625,-20.01953125,105.859375,14,12,5.857439518,1.51802063,8.650679588
475.7879438,-506.4377044,411.8651955,0.001591796875,-0.001206054688,-0.003198242187,823.7304688,79.39453125,-28.3203125,14,12,5.851304054,1.51802063,8.650679588
475.7879438,-506.4377044,411.8651955,0.001591796875,-0.001206054688,-0.003198242187,823.7304688,79.39453125,-28.3203125,14,12,5.851304054,1.51802063,8.650679588
475.7879438,-506.4377044,411.8651955,0.001591796875,-0.001206054688,-0.003198242187,823.7304688,79.39453125,-28.3203125,14,12,5.847171783,1.51802063,8.650679588
475.7879438,-506.4377044,411.8651955,0.001591796875,-0.001206054688,-0.003198242187,823.7304688,79.39453125,-28.3203125,14,12,5.847171783,1.51802063,8.650679588
475.7879438,-506.4377044,411.8651955,0.001591796875,-0.001206054688,-0.003198242187,823.7304688,79.39453125,-28.3203125,14,12,5.836363316,1.51802063,8.650679588
475.7879438,-506.4377044,411.8651955,0.001591796875,-0.001206054688,-0.003198242187,823.7304688,79.39453125,-28.3203125,14,12,5.836363316,1.51802063,8.650679588
475.7879438,-506.4377044,411.8651955,0.001591796875,-0.001206054688,-0.003198242187,823.7304688,79.39453125,-28.3203125,14,12,5.836904049,1.51802063,8.650679588
475.7879438,-506.4377044,411.8651955,0.001591796875,-0.001206054688,-0.003198242187,823.7304688,79.39453125,-28.3203125,14,12,5.836904049,1.51802063,8.650679588
475.7879438,-506.4377044,411.8651955,0.001591796875,-0.001206054688,-0.003198242187,823.7304688,79.39453125,-28.3203125,14,12,5.832104206,1.51802063,8.798508644
475.7879438,-506.4377044,411.8651955,0.001591796875,-0.001206054688,-0.003198242187,823.7304688,79.39453125,-28.3203125,14,12,5.832104206,0.7551249266,8.798508644
475.7879438,-506.4377044,411.8651955,0.001591796875,-0.001206054688,-0.003198242187,823.7304688,79.39453125,-28.3203125,14,12,5.830642223,0.7551249266,8.798508644
475.7879438,-506.4377044,411.8651955,0.001591796875,-0.001206054688,-0.003198242187,823.7304688,79.39453125,-28.3203125,14,12,5.830642223,0.7551249266,8.798508644
475.7879438,-506.4377044,411.8651955,0.001591796875,-0.001206054688,-0.003198242187,823.7304688,79.39453125,-28.3203125,14,12,5.811822891,0.7551249266,8.798508644
475.7879438,-506.4377044,411.8651955,0.001591796875,-0.001206054688,-0.003198242187,823.7304688,79.39453125,-28.3203125,14,12,5.811822891,0.7551249266,8.798508644
475.7879438,-506.4377044,411.8651955,0.001591796875,-0.001206054688,-0.003198242187,823.7304688,79.39453125,-28.3203125,14,12,5.820374489,0.7551249266,8.798508644
475.7879438,-506.4377044,411.8651955,0.001591796875,-0.001206054688,-0.003198242187,823.7304688,79.39453125,-28.3203125,14,12,5.820374489,0.7551249266,8.798508644
475.7879438,-506.4377044,411.8651955,0.001591796875,-0.001206054688,-0.003198242187,823.7304688,79.39453125,-28.3203125,14,12,5.812236309,0.7551249266,8.798508644
475.7879438,-506.4377044,411.8651955,0.001591796875,-0.001206054688,-0.003198242187,823.7304688,79.39453125,-28.3203125,14,12,5.812236309,0.7551249266,8.798508644
475.7879438,-506.4377044,411.8651955,0.001591796875,-0.001206054688,-0.003198242187,823.7304688,79.39453125,-28.3203125,14,12,5.807436466,0.7551249266,8.720499039
475.7879438,-506.4377044,411.8651955,0.001591796875,-0.001206054688,-0.003198242187,823.7304688,79.39453125,-28.3203125,14,12,5.807436466,0.05362962559,8.720499039
475.7879438,-506.4377044,411.8651955,0.001591796875,-0.001206054688,-0.003198242187,823.7304688,79.39453125,-28.3203125,14,12,5.8079772,0.05362962559,8.720499039
475.7879438,-506.4377044,411.8651955,0.001591796875,-0.001206054688,-0.003198242187,823.7304688,79.39453125,-28.3203125,14,12,5.8079772,0.05362962559,8.720499039
475.7879438,-506.4377044,411.8651955,0.001591796875,-0.001206054688,-0.003198242187,823.7304688,79.39453125,-28.3203125,14,12,5.807182312,0.05362962559,8.720499039
475.7879438,-506.4377044,411.8651955,0.001591796875,-0.001206054688,-0.003198242187,823.7304688,79.39453125,-28.3203125,14,12,5.807182312,0.05362962559,8.720499039
475.7879438,-506.4377044,411.8651955,0.001591796875,-0.001206054688,-0.003198242187,823.7304688,79.39453125,-28.3203125,14,12,5.796373844,0.05362962559,8.720499039
475.7879438,-506.4377044,411.8651955,0.001591796875,-0.001206054688,-0.003198242187,823.7304688,79.39453125,-28.3203125,14,12,5.796373844,0.05362962559,8.720499039
475.7879438,-506.4377044,411.8651955,0.001591796875,-0.001206054688,-0.003198242187,823.7304688,79.39453125,-28.3203125,14,12,5.785565376,0.05362962559,8.720499039
475.7879438,-506.4377044,411.8651955,0.001591796875,-0.001206054688,-0.003198242187,823.7304688,79.39453125,-28.3203125,14,12,5.785565376,0.05362962559,8.720499039
475.7879438,-506.4377044,411.8651955,0.001591796875,-0.001206054688,-0.003198242187,823.7304688,79.39453125,-28.3203125,14,12,5.787440777,0.05362962559,8.210338593
475.7879438,-506.4377044,411.8651955,0.001591796875,-0.001206054688,-0.003198242187,823.7304688,79.39453125,-28.3203125,14,12,5.787440777,0.1905587316,8.210338593
475.8368247,-506.4407561,411.8602599,0.0007958984375,-0.00076171875,0.003706054687,977.6367188,-61.03515625,-98.73046875,14,12,5.801332951,0.1905587316,8.210338593
475.8368247,-506.4407561,411.8602599,0.0007958984375,-0.00076171875,0.003706054687,977.6367188,-61.03515625,-98.73046875,14,12,5.801332951,0.1905587316,8.210338593
475.8368247,-506.4407561,411.8602599,0.0007958984375,-0.00076171875,0.003706054687,977.6367188,-61.03515625,-98.73046875,14,12,5.786519527,0.1905587316,8.210338593
475.8368247,-506.4407561,411.8602599,0.0007958984375,-0.00076171875,0.003706054687,977.6367188,-61.03515625,-98.73046875,14,12,5.786519527,0.1905587316,8.210338593
475.8368247,-506.4407561,411.8602599,0.0007958984375,-0.00076171875,0.003706054687,977.6367188,-61.03515625,-98.73046875,14,12,5.772373199,0.1905587316,8.210338593
475.8368247,-506.4407561,411.8602599,0.0007958984375,-0.00076171875,0.003706054687,977.6367188,-61.03515625,-98.73046875,14,12,5.772373199,0.1905587316,8.210338593
475.8368247,-506.4407561,411.8602599,0.0007958984375,-0.00076171875,0.003706054687,977.6367188,-61.03515625,-98.73046875,14,12,5.790270329,0.1905587316,8.210338593
475.8368247,-506.4407561,411.8602599,0.0007958984375,-0.00076171875,0.003706054687,977.6367188,-61.03515625,-98.73046875,14,12,5.790270329,0.1905587316,8.210338593
475.8368247,-506.4407561,411.8602599,0.0007958984375,-0.00076171875,0.003706054687,977.6367188,-61.03515625,-98.73046875,14,12,5.789475441,0.1905587316,7.482615948
475.8368247,-506.4407561,411.8602599,0.0007958984375,-0.00076171875,0.003706054687,977.6367188,-61.03515625,-98.73046875,14,12,5.789475441,0.075328134,7.482615948
475.8368247,-506.4407561,411.8602599,0.0007958984375,-0.00076171875,0.003706054687,977.6367188,-61.03515625,-98.73046875,14,12,5.781337261,0.075328134,7.482615948
475.8368247,-506.4407561,411.8602599,0.0007958984375,-0.00076171875,0.003706054687,977.6367188,-61.03515625,-98.73046875,14,12,5.781337261,0.075328134,7.482615948
475.8368247,-506.4407561,411.8602599,0.0007958984375,-0.00076171875,0.003706054687,977.6367188,-61.03515625,-98.73046875,14,12,5.776537418,0.075328134,7.482615948
475.8368247,-506.4407561,411.8602599,0.0007958984375,-0.00076171875,0.003706054687,977.6367188,-61.03515625,-98.73046875,14,12,5.776537418,0.075328134,7.482615948
475.8368247,-506.4407561,411.8602599,0.0007958984375,-0.00076171875,0.003706054687,977.6367188,-61.03515625,-98.73046875,14,12,5.775742531,0.075328134,7.482615948
475.8368247,-506.4407561,411.8602599,0.0007958984375,-0.00076171875,0.003706054687,977.6367188,-61.03515625,-98.73046875,14,12,5.775742531,0.075328134,7.482615948
475.8368247,-506.4407561,411.8602599,0.0007958984375,-0.00076171875,0.003706054687,977.6367188,-61.03515625,-98.73046875,14,12,5.792972565,0.075328134,7.482615948
475.8368247,-506.4407561,411.8602599,0.0007958984375,-0.00076171875,0.003706054687,977.6367188,-61.03515625,-98.73046875,14,12,5.792972565,0.075328134,7.482615948
475.8368247,-506.4407561,411.8602599,0.0007958984375,-0.00076171875,0.003706054687,977.6367188,-61.03515625,-98.73046875,14,12,5.78082943,0.075328134,7.029379845
475.8368247,-506.4407561,411.8602599,0.0007958984375,-0.00076171875,0.003706054687,977.6367188,-61.03515625,-98.73046875,14,12,5.78082943,0.3931102753,7.029379845
475.8368247,-506.4407561,411.8602599,0.0007958984375,-0.00076171875,0.003706054687,977.6367188,-61.03515625,-98.73046875,14,12,5.759339809,0.3931102753,7.029379845
475.8368247,-506.4407561,411.8602599,0.0007958984375,-0.00076171875,0.003706054687,977.6367188,-61.03515625,-98.73046875,14,12,5.759339809,0.3931102753,7.029379845
475.8368247,-506.4407561,411.8602599,0.0007958984375,-0.00076171875,0.003706054687,977.6367188,-61.03515625,-98.73046875,14,12,5.771229267,0.3931102753,7.029379845
475.8368247,-506.4407561,411.8602599,0.0007958984375,-0.00076171875,0.003706054687,977.6367188,-61.03515625,-98.73046875,14,12,5.771229267,0.3931102753,7.029379845
475.8368247,-506.4407561,411.8602599,0.0007958984375,-0.00076171875,0.003706054687,977.6367188,-61.03515625,-98.73046875,14,12,5.792464256,0.3931102753,7.029379845
475.8368247,-506.4407561,411.8602599,0.0007958984375,-0.00076171875,0.003706054687,977.6367188,-61.03515625,-98.73046875,14,12,5.792464256,0.3931102753,7.029379845
475.8368247,-506.4407561,411.8602599,0.0007958984375,-0.00076171875,0.003706054687,977.6367188,-61.03515625,-98.73046875,14,12,5.782991409,0.3931102753,7.029379845
475.8368247,-506.4407561,411.8602599,0.0007958984375,-0.00076171875,0.003706054687,977.6367188,-61.03515625,-98.73046875,14,12,5.782991409,0.3931102753,7.029379845
475.8368247,-506.4407561,411.8602599,0.0007958984375,-0.00076171875,0.003706054687,977.6367188,-61.03515625,-98.73046875,14,12,5.77485323,0.3931102753,7.012597561
475.8368247,-506.4407561,411.8602599,0.0007958984375,-0.00076171875,0.003706054687,977.6367188,-61.03515625,-98.73046875,14,12,5.77485323,1.288276196,7.012597561
475.8826393,-506.4419231,411.8670381,-0.00291015625,0.001821289063,0.000302734375,916.3085937,-23.33984375,135.546875,14,12,5.772055626,1.288276196,7.012597561
475.8826393,-506.4419231,411.8670381,-0.00291015625,0.001821289063,0.000302734375,916.3085937,-23.33984375,135.546875,14,12,5.772055626,1.288276196,7.012597561
475.8826393,-506.4419231,411.8670381,-0.00291015625,0.001821289063,0.000302734375,916.3085937,-23.33984375,135.546875,14,12,5.784612179,1.288276196,7.012597561
475.8826393,-506.4419231,411.8670381,-0.00291015625,0.001821289063,0.000302734375,916.3085937,-23.33984375,135.546875,14,12,5.784612179,1.288276196,7.012597561
475.8826393,-506.4419231,411.8670381,-0.00291015625,0.001821289063,0.000302734375,916.3085937,-23.33984375,135.546875,14,12,5.796501637,1.288276196,7.012597561
475.8826393,-506.4419231,411.8670381,-0.00291015625,0.001821289063,0.000302734375,916.3085937,-23.33984375,135.546875,14,12,5.796501637,1.288276196,7.012597561
475.8826393,-506.4419231,411.8670381,-0.00291015625,0.001821289063,0.000302734375,916.3085937,-23.33984375,135.546875,14,12,5.775012016,1.288276196,7.012597561
475.8826393,-506.4419231,411.8670381,-0.00291015625,0.001821289063,0.000302734375,916.3085937,-23.33984375,135.546875,14,12,5.775012016,1.288276196,7.012597561
475.8826393,-506.4419231,411.8670381,-0.00291015625,0.001821289063,0.000302734375,916.3085937,-23.33984375,135.546875,14,12,5.773550034,1.288276196,7.482615948
475.8826393,-506.4419231,411.8670381,-0.00291015625,0.001821289063,0.000302734375,916.3085937,-23.33984375,135.546875,14,12,5.773550034,1.889068484,7.482615948
475.8826393,-506.4419231,411.8670381,-0.00291015625,0.001821289063,0.000302734375,916.3085937,-23.33984375,135.546875,14,12,5.783436298,1.889068484,7.482615948
475.8826393,-506.4419231,411.8670381,-0.00291015625,0.001821289063,0.000302734375,916.3085937,-23.33984375,135.546875,14,12,5.783436298,1.889068484,7.482615948
475.8826393,-506.4419231,411.8670381,-0.00291015625,0.001821289063,0.000302734375,916.3085937,-23.33984375,135.546875,14,12,5.785979271,1.889068484,7.482615948
475.8826393,-506.4419231,411.8670381,-0.00291015625,0.001821289063,0.000302734375,916.3085937,-23.33984375,135.546875,14,12,5.785979271,1.889068484,7.482615948
475.8826393,-506.4419231,411.8670381,-0.00291015625,0.001821289063,0.000302734375,916.3085937,-23.33984375,135.546875,14,12,5.779843807,1.889068484,7.482615948
475.8826393,-506.4419231,411.8670381,-0.00291015625,0.001821289063,0.000302734375,916.3085937,-23.33984375,135.546875,14,12,5.779843807,1.889068484,7.482615948
475.8826393,-506.4419231,411.8670381,-0.00291015625,0.001821289063,0.000302734375,916.3085937,-23.33984375,135.546875,14,12,5.78238678,1.889068484,7.482615948
475.8826393,-506.4419231,411.8670381,-0.00291015625,0.001821289063,0.000302734375,916.3085937,-23.33984375,135.546875,14,12,5.78238678,1.889068484,7.482615948
475.8826393,-506.4419231,411.8670381,-0.00291015625,0.001821289063,0.000302734375,916.3085937,-23.33984375,135.546875,14,12,5.784929752,1.889068484,8.07079792
475.8826393,-506.4419231,411.8670381,-0.00291015625,0.001821289063,0.000302734375,916.3085937,-23.33984375,135.546875,14,12,5.784929752,1.981992483,8.07079792
475.8826393,-506.4419231,411.8670381,-0.00291015625,0.001821289063,0.000302734375,916.3085937,-23.33984375,135.546875,14,12,5.800824165,1.981992483,8.07079792
475.8826393,-506.4419231,411.8670381,-0.00291015625,0.001821289063,0.000302734375,916.3085937,-23.33984375,135.546875,14,12,5.800824165,1.981992483,8.07079792
475.8826393,-506.4419231,411.8670381,-0.00291015625,0.001821289063,0.000302734375,916.3085937,-23.33984375,135.546875,14,12,5.787345409,1.981992483,8.07079792
475.8826393,-506.4419231,411.8670381,-0.00291015625,0.001821289063,0.000302734375,916.3085937,-23.33984375,135.546875,14,12,5.787345409,1.981992483,8.07079792
475.8826393,-506.4419231,411.8670381,-0.00291015625,0.001821289063,0.000302734375,916.3085937,-23.33984375,135.546875,14,12,5.77586937,1.981992483,8.07079792
475.8826393,-506.4419231,411.8670381,-0.00291015625,0.001821289063,0.000302734375,916.3085937,-23.33984375,135.546875,14,12,5.77586937,1.981992483,8.07079792
475.8826393,-506.4419231,411.8670381,-0.00291015625,0.001821289063,0.000302734375,916.3085937,-23.33984375,135.546875,14,12,5.787758827,1.981992483,8.07079792
475.8826393,-506.4419231,411.8670381,-0.00291015625,0.001821289063,0.000302734375,916.3085937,-23.33984375,135.546875,14,12,5.787758827,1.981992483,8.07079792
475.8826393,-506.4419231,411.8670381,-0.00291015625,0.001821289063,0.000302734375,916.3085937,-23.33984375,135.546875,14,12,5.782958984,1.981992483,8.672226906
475.8826393,-506.4419231,411.8670381,-0.00291015625,0.001821289063,0.000302734375,916.3085937,-23.33984375,135.546875,14,12,5.782958984,1.787093997,8.672226906
475.9231266,-506.4376458,411.8671074,0.001630859375,-0.0005078125,-0.004653320312,809.765625,85.546875,1.3671875,14,12,5.780161381,1.787093997,8.672226906
475.9231266,-506.4376458,411.8671074,0.001630859375,-0.0005078125,-0.004653320312,809.765625,85.546875,1.3671875,14,12,5.780161381,1.787093997,8.672226906
475.9231266,-506.4376458,411.8671074,0.001630859375,-0.0005078125,-0.004653320312,809.765625,85.546875,1.3671875,14,12,5.766682625,1.787093997,8.672226906
475.9231266,-506.4376458,411.8671074,0.001630859375,-0.0005078125,-0.004653320312,809.765625,85.546875,1.3671875,14,12,5.766682625,1.787093997,8.672226906
475.9231266,-506.4376458,411.8671074,0.001630859375,-0.0005078125,-0.004653320312,809.765625,85.546875,1.3671875,14,12,5.759212494,1.787093997,8.672226906
475.9231266,-506.4376458,411.8671074,0.001630859375,-0.0005078125,-0.004653320312,809.765625,85.546875,1.3671875,14,12,5.759212494,1.787093997,8.672226906
475.9231266,-506.4376458,411.8671074,0.001630859375,-0.0005078125,-0.004653320312,809.765625,85.546875,1.3671875,14,12,5.774439335,1.787093997,8.672226906
475.9231266,-506.4376458,411.8671074,0.001630859375,-0.0005078125,-0.004653320312,809.765625,85.546875,1.3671875,14,12,5.774439335,1.787093997,8.672226906
475.9231266,-506.4376458,411.8671074,0.001630859375,-0.0005078125,-0.004653320312,809.765625,85.546875,1.3671875,14,12,5.760960579,1.787093997,8.903173447
475.9231266,-506.4376458,411.8671074,0.001630859375,-0.0005078125,-0.004653320312,809.765625,85.546875,1.3671875,14,12,5.760960579,1.00036335,8.903173447
475.9231266,-506.4376458,411.8671074,0.001630859375,-0.0005078125,-0.004653320312,809.765625,85.546875,1.3671875,14,12,5.75082016,1.00036335,8.903173447
475.9231266,-506.4376458,411.8671074,0.001630859375,-0.0005078125,-0.004653320312,809.765625,85.546875,1.3671875,14,12,5.75082016,1.00036335,8.903173447
475.9231266,-506.4376458,411.8671074,0.001630859375,-0.0005078125,-0.004653320312,809.765625,85.546875,1.3671875,14,12,5.752028465,1.00036335,8.903173447
475.9231266,-506.4376458,411.8671074,0.001630859375,-0.0005078125,-0.004653320312,809.765625,85.546875,1.3671875,14,12,5.752028465,1.00036335,8.903173447
475.9231266,-506.4376458,411.8671074,0.001630859375,-0.0005078125,-0.004653320312,809.765625,85.546875,1.3671875,14,12,5.755907059,1.00036335,8.903173447
475.9231266,-506.4376458,411.8671074,0.001630859375,-0.0005078125,-0.004653320312,809.765625,85.546875,1.3671875,14,12,5.755907059,1.00036335,8.903173447
475.9231266,-506.4376458,411.8671074,0.001630859375,-0.0005078125,-0.004653320312,809.765625,85.546875,1.3671875,14,12,5.749771595,1.00036335,8.903173447
475.9231266,-506.4376458,411.8671074,0.001630859375,-0.0005078125,-0.004653320312,809.765625,85.546875,1.3671875,14,12,5.749771595,1.00036335,8.903173447
475.9231266,-506.4376458,411.8671074,0.001630859375,-0.0005078125,-0.004653320312,809.765625,85.546875,1.3671875,14,12,5.744971752,1.00036335,8.567564011
475.9231266,-506.4376458,411.8671074,0.001630859375,-0.0005078125,-0.004653320312,809.765625,85.546875,1.3671875,14,12,5.744971752,0.3328644037,8.567564011
475.9231266,-506.4376458,411.8671074,0.001630859375,-0.0005078125,-0.004653320312,809.765625,85.546875,1.3671875,14,12,5.746847153,0.3328644037,8.567564011
475.9231266,-506.4376458,411.8671074,0.001630859375,-0.0005078125,-0.004653320312,809.765625,85.546875,1.3671875,14,12,5.746847153,0.3328644037,8.567564011
475.9231266,-506.4376458,411.8671074,0.001630859375,-0.0005078125,-0.004653320312,809.765625,85.546875,1.3671875,14,12,5.750058174,0.3328644037,8.567564011
475.9231266,-506.4376458,411.8671074,0.001630859375,-0.0005078125,-0.004653320312,809.765625,85.546875,1.3671875,14,12,5.750058174,0.3328644037,8.567564011
475.9231266,-506.4376458,411.8671074,0.001630859375,-0.0005078125,-0.004653320312,809.765625,85.546875,1.3671875,14,12,5.742588043,0.3328644037,8.567564011
475.9231266,-506.4376458,411.8671074,0.001630859375,-0.0005078125,-0.004653320312,809.765625,85.546875,1.3671875,14,12,5.742588043,0.3328644037,8.567564011
475.9231266,-506.4376458,411.8671074,0.001630859375,-0.0005078125,-0.004653320312,809.765625,85.546875,1.3671875,14,12,5.745131016,0.3328644037,8.567564011
475.9231266,-506.4376458,411.8671074,0.001630859375,-0.0005078125,-0.004653320312,809.765625,85.546875,1.3671875,14,12,5.745131016,0.3328644037,8.567564011
475.9231266,-506.4376458,411.8671074,0.001630859375,-0.0005078125,-0.004653320312,809.765625,85.546875,1.3671875,14,12,5.753014565,0.3328644037,8.162240982
475.9231266,-506.4376458,411.8671074,0.001630859375,-0.0005078125,-0.004653320312,809.765625,85.546875,1.3671875,14,12,5.753014565,0.03219246492,8.162240982
475.9718074,-506.440053,411.8607655,0.001943359375,-0.001782226563,0.00205078125,973.6328125,-48.14453125,-126.8554688,14,12,5.746879101,0.03219246492,8.162240982
475.9718074,-506.440053,411.8607655,0.001943359375,-0.001782226563,0.00205078125,973.6328125,-48.14453125,-126.8554688,14,12,5.746879101,0.03219246492,8.162240982
475.9718074,-506.440053,411.8607655,0.001943359375,-0.001782226563,0.00205078125,973.6328125,-48.14453125,-126.8554688,14,12,5.734735966,0.03219246492,8.162240982
475.9718074,-506.440053,411.8607655,0.001943359375,-0.001782226563,0.00205078125,973.6328125,-48.14453125,-126.8554688,14,12,5.734735966,0.03219246492,8.162240982
475.9718074,-506.440053,411.8607655,0.001943359375,-0.001782226563,0.00205078125,973.6328125,-48.14453125,-126.8554688,14,12,5.743287563,0.03219246492,8.162240982
475.9718074,-506.440053,411.8607655,0.001943359375,-0.001782226563,0.00205078125,973.6328125,-48.14453125,-126.8554688,14,12,5.743287563,0.03219246492,8.162240982
475.9718074,-506.440053,411.8607655,0.001943359375,-0.001782226563,0.00205078125,973.6328125,-48.14453125,-126.8554688,14,12,5.752506733,0.03219246492,8.162240982
475.9718074,-506.440053,411.8607655,0.001943359375,-0.001782226563,0.00205078125,973.6328125,-48.14453125,-126.8554688,14,12,5.752506733,0.03219246492,8.162240982
475.9718074,-506.440053,411.8607655,0.001943359375,-0.001782226563,0.00205078125,973.6328125,-48.14453125,-126.8554688,14,12,5.752379417,0.03219246492,7.587287426
475.9718074,-506.440053,411.8607655,0.001943359375,-0.001782226563,0.00205078125,973.6328125,-48.14453125,-126.8554688,14,12,5.752379417,0.07532812655,7.587287426
475.9718074,-506.440053,411.8607655,0.001943359375,-0.001782226563,0.00205078125,973.6328125,-48.14453125,-126.8554688,14,12,5.749581814,0.07532812655,7.587287426
475.9718074,-506.440053,411.8607655,0.001943359375,-0.001782226563,0.00205078125,973.6328125,-48.14453125,-126.8554688,14,12,5.749581814,0.07532812655,7.587287426
475.9718074,-506.440053,411.8607655,0.001943359375,-0.001782226563,0.00205078125,973.6328125,-48.14453125,-126.8554688,14,12,5.742779255,0.07532812655,7.587287426
475.9718074,-506.440053,411.8607655,0.001943359375,-0.001782226563,0.00205078125,973.6328125,-48.14453125,-126.8554688,14,12,5.742779255,0.07532812655,7.587287426
475.9718074,-506.440053,411.8607655,0.001943359375,-0.001782226563,0.00205078125,973.6328125,-48.14453125,-126.8554688,14,12,5.772693157,0.07532812655,7.587287426
475.9718074,-506.440053,411.8607655,0.001943359375,-0.001782226563,0.00205078125,973.6328125,-48.14453125,-126.8554688,14,12,5.772693157,0.07532812655,7.587287426
475.9718074,-506.440053,411.8607655,0.001943359375,-0.001782226563,0.00205078125,973.6328125,-48.14453125,-126.8554688,14,12,5.776571751,0.07532812655,7.587287426
475.9718074,-506.440053,411.8607655,0.001943359375,-0.001782226563,0.00205078125,973.6328125,-48.14453125,-126.8554688,14,12,5.776571751,0.07532812655,7.587287426
475.9718074,-506.440053,411.8607655,0.001943359375,-0.001782226563,0.00205078125,973.6328125,-48.14453125,-126.8554688,14,12,5.764428616,0.07532812655,6.999146461
475.9718074,-506.440053,411.8607655,0.001943359375,-0.001782226563,0.00205078125,973.6328125,-48.14453125,-126.8554688,14,12,5.764428616,0.3659960628,6.999146461
475.9718074,-506.440053,411.8607655,0.001943359375,-0.001782226563,0.00205078125,973.6328125,-48.14453125,-126.8554688,14,12,5.76096344,0.3659960628,6.999146461
475.9718074,-506.440053,411.8607655,0.001943359375,-0.001782226563,0.00205078125,973.6328125,-48.14453125,-126.8554688,14,12,5.76096344,0.3659960628,6.999146461
475.9718074,-506.440053,411.8607655,0.001943359375,-0.001782226563,0.00205078125,973.6328125,-48.14453125,-126.8554688,14,12,5.786871433,0.3659960628,6.999146461
475.9718074,-506.440053,411.8607655,0.001943359375,-0.001782226563,0.00205078125,973.6328125,-48.14453125,-126.8554688,14,12,5.786871433,0.3659960628,6.999146461
475.9718074,-506.440053,411.8607655,0.001943359375,-0.001782226563,0.00205078125,973.6328125,-48.14453125,-126.8554688,14,12,5.79408741,0.3659960628,6.999146461
475.9718074,-506.440053,411.8607655,0.001943359375,-0.001782226563,0.00205078125,973.6328125,-48.14453125,-126.8554688,14,12,5.79408741,0.3659960628,6.999146461
475.9718074,-506.440053,411.8607655,0.001943359375,-0.001782226563,0.00205078125,973.6328125,-48.14453125,-126.8554688,14,12,5.783278942,0.3659960628,6.999146461
475.9718074,-506.440053,411.8607655,0.001943359375,-0.001782226563,0.00205078125,973.6328125,-48.14453125,-126.8554688,14,12,5.783278942,0.3659960628,6.999146461
475.9718074,-506.440053,411.8607655,0.001943359375,-0.001782226563,0.00205078125,973.6328125,-48.14453125,-126.8554688,14,12,5.788492203,0.3659960628,6.859559059
475.9718074,-506.440053,411.8607655,0.001943359375,-0.001782226563,0.00205078125,973.6328125,-48.14453125,-126.8554688,14,12,5.788492203,1.105097771,6.859559059
476.0204149,-506.442011,411.8654539,-0.002456054688,0.001533203125,0.00171875,972.1679688,-39.16015625,93.75,14,12,5.80038166,1.105097771,6.859559059
476.0204149,-506.442011,411.8654539,-0.002456054688,0.001533203125,0.00171875,972.1679688,-39.16015625,93.75,14,12,5.80038166,1.105097771,6.859559059
476.0204149,-506.442011,411.8654539,-0.002456054688,0.001533203125,0.00171875,972.1679688,-39.16015625,93.75,14,12,5.818946362,1.105097771,6.859559059
476.0204149,-506.442011,411.8654539,-0.002456054688,0.001533203125,0.00171875,972.1679688,-39.16015625,93.75,14,12,5.818946362,1.105097771,6.859559059
476.0204149,-506.442011,411.8654539,-0.002456054688,0.001533203125,0.00171875,972.1679688,-39.16015625,93.75,14,12,5.814814091,1.105097771,6.859559059
476.0204149,-506.442011,411.8654539,-0.002456054688,0.001533203125,0.00171875,972.1679688,-39.16015625,93.75,14,12,5.814814091,1.105097771,6.859559059
476.0204149,-506.442011,411.8654539,-0.002456054688,0.001533203125,0.00171875,972.1679688,-39.16015625,93.75,14,12,5.811348915,1.105097771,6.859559059
476.0204149,-506.442011,411.8654539,-0.002456054688,0.001533203125,0.00171875,972.1679688,-39.16015625,93.75,14,12,5.811348915,1.105097771,6.859559059
476.0204149,-506.442011,411.8654539,-0.002456054688,0.001533203125,0.00171875,972.1679688,-39.16015625,93.75,14,12,5.821902752,1.105097771,7.112158298
476.0204149,-506.442011,411.8654539,-0.002456054688,0.001533203125,0.00171875,972.1679688,-39.16015625,93.75,14,12,5.821902752,1.865600109,7.112158298
476.0204149,-506.442011,411.8654539,-0.002456054688,0.001533203125,0.00171875,972.1679688,-39.16015625,93.75,14,12,5.840467453,1.865600109,7.112158298
476.0204149,-506.442011,411.8654539,-0.002456054688,0.001533203125,0.00171875,972.1679688,-39.16015625,93.75,14,12,5.840467453,1.865600109,7.112158298
476.0204149,-506.442011,411.8654539,-0.002456054688,0.001533203125,0.00171875,972.1679688,-39.16015625,93.75,14,12,5.837669849,1.865600109,7.112158298
476.0204149,-506.442011,411.8654539,-0.002456054688,0.001533203125,0.00171875,972.1679688,-39.16015625,93.75,14,12,5.837669849,1.865600109,7.112158298
476.0204149,-506.442011,411.8654539,-0.002456054688,0.001533203125,0.00171875,972.1679688,-39.16015625,93.75,14,12,5.830199718,1.865600109,7.112158298
476.0204149,-506.442011,411.8654539,-0.002456054688,0.001533203125,0.00171875,972.1679688,-39.16015625,93.75,14,12,5.830199718,1.865600109,7.112158298
476.0204149,-506.442011,411.8654539,-0.002456054688,0.001533203125,0.00171875,972.1679688,-39.16015625,93.75,14,12,5.831408024,1.865600109,7.112158298
476.0204149,-506.442011,411.8654539,-0.002456054688,0.001533203125,0.00171875,972.1679688,-39.16015625,93.75,14,12,5.831408024,1.865600109,7.112158298
476.0204149,-506.442011,411.8654539,-0.002456054688,0.001533203125,0.00171875,972.1679688,-39.16015625,93.75,14,12,5.843964577,1.865600109,7.783340454
476.0204149,-506.442011,411.8654539,-0.002456054688,0.001533203125,0.00171875,972.1679688,-39.16015625,93.75,14,12,5.843964577,2.111720562,7.783340454
476.0204149,-506.442011,411.8654539,-0.002456054688,0.001533203125,0.00171875,972.1679688,-39.16015625,93.75,14,12,5.851180553,2.111720562,7.783340454
476.0204149,-506.442011,411.8654539,-0.002456054688,0.001533203125,0.00171875,972.1679688,-39.16015625,93.75,14,12,5.851180553,2.111720562,7.783340454
476.0204149,-506.442011,411.8654539,-0.002456054688,0.001533203125,0.00171875,972.1679688,-39.16015625,93.75,14,12,5.838369846,2.111720562,7.783340454
476.0204149,-506.442011,411.8654539,-0.002456054688,0.001533203125,0.00171875,972.1679688,-39.16015625,93.75,14,12,5.838369846,2.111720562,7.783340454
476.0204149,-506.442011,411.8654539,-0.002456054688,0.001533203125,0.00171875,972.1679688,-39.16015625,93.75,14,12,5.848923683,2.111720562,7.783340454
476.0204149,-506.442011,411.8654539,-0.002456054688,0.001533203125,0.00171875,972.1679688,-39.16015625,93.75,14,12,5.848923683,2.111720562,7.783340454
476.0204149,-506.442011,411.8654539,-0.002456054688,0.001533203125,0.00171875,972.1679688,-39.16015625,93.75,14,12,5.85613966,2.111720562,7.783340454
476.0204149,-506.442011,411.8654539,-0.002456054688,0.001533203125,0.00171875,972.1679688,-39.16015625,93.75,14,12,5.85613966,2.111720562,7.783340454
476.0204149,-506.442011,411.8654539,-0.002456054688,0.001533203125,0.00171875,972.1679688,-39.16015625,93.75,14,12,5.870031834,2.111720562,8.253725052
476.0204149,-506.442011,411.8654539,-0.002456054688,0.001533203125,0.00171875,972.1679688,-39.16015625,93.75,14,12,5.870031834,1.93590951,8.253725052
476.0610194,-506.4380462,411.8670759,7.8125e-05,0.00025390625,-0.003681640625,812.109375,79.296875,32.421875,14,12,5.853215218,1.93590951,8.253725052
476.0610194,-506.4380462,411.8670759,7.8125e-05,0.00025390625,-0.003681640625,812.109375,79.296875,32.421875,14,12,5.853215218,1.93590951,8.253725052
476.0610194,-506.4380462,411.8670759,7.8125e-05,0.00025390625,-0.003681640625,812.109375,79.296875,32.421875,14,12,5.851085663,1.93590951,8.253725052
476.0610194,-506.4380462,411.8670759,7.8125e-05,0.00025390625,-0.003681640625,812.109375,79.296875,32.421875,14,12,5.851085663,1.93590951,8.253725052
476.0610194,-506.4380462,411.8670759,7.8125e-05,0.00025390625,-0.003681640625,812.109375,79.296875,32.421875,14,12,5.853628635,1.93590951,8.253725052
476.0610194,-506.4380462,411.8670759,7.8125e-05,0.00025390625,-0.003681640625,812.109375,79.296875,32.421875,14,12,5.853628635,1.93590951,8.253725052
476.0610194,-506.4380462,411.8670759,7.8125e-05,0.00025390625,-0.003681640625,812.109375,79.296875,32.421875,14,12,5.855504036,1.93590951,8.253725052
476.0610194,-506.4380462,411.8670759,7.8125e-05,0.00025390625,-0.003681640625,812.109375,79.296875,32.421875,14,12,5.855504036,1.93590951,8.253725052
476.0610194,-506.4380462,411.8670759,7.8125e-05,0.00025390625,-0.003681640625,812.109375,79.296875,32.421875,14,12,5.844695568,1.93590951,8.462924957
476.0610194,-506.4380462,411.8670759,7.8125e-05,0.00025390625,-0.003681640625,812.109375,79.296875,32.421875,14,12,5.844695568,1.299672127,8.462924957
476.0610194,-506.4380462,411.8670759,7.8125e-05,0.00025390625,-0.003681640625,812.109375,79.296875,32.421875,14,12,5.846570969,1.299672127,8.462924957
476.0610194,-506.4380462,411.8670759,7.8125e-05,0.00025390625,-0.003681640625,812.109375,79.296875,32.421875,14,12,5.846570969,1.299672127,8.462924957
476.0610194,-506.4380462,411.8670759,7.8125e-05,0.00025390625,-0.003681640625,812.109375,79.296875,32.421875,14,12,5.840435505,1.299672127,8.462924957
476.0610194,-506.4380462,411.8670759,7.8125e-05,0.00025390625,-0.003681640625,812.109375,79.296875,32.421875,14,12,5.840435505,1.299672127,8.462924957
476.0610194,-506.4380462,411.8670759,7.8125e-05,0.00025390625,-0.003681640625,812.109375,79.296875,32.421875,14,12,5.836303234,1.299672127,8.462924957
476.0610194,-506.4380462,411.8670759,7.8125e-05,0.00025390625,-0.003681640625,812.109375,79.296875,32.421875,14,12,5.836303234,1.299672127,8.462924957
476.0610194,-506.4380462,411.8670759,7.8125e-05,0.00025390625,-0.003681640625,812.109375,79.296875,32.421875,14,12,5.832838058,1.299672127,8.462924957
476.0610194,-506.4380462,411.8670759,7.8125e-05,0.00025390625,-0.003681640625,812.109375,79.296875,32.421875,14,12,5.832838058,1.299672127,8.462924957
476.0610194,-506.4380462,411.8670759,7.8125e-05,0.00025390625,-0.003681640625,812.109375,79.296875,32.421875,14,12,5.806675911,1.299672127,8.637337685
476.0610194,-506.4380462,411.8670759,7.8125e-05,0.00025390625,-0.003681640625,812.109375,79.296875,32.421875,14,12,5.806675911,0.5615435243,8.637337685
476.0610194,-506.4380462,411.8670759,7.8125e-05,0.00025390625,-0.003681640625,812.109375,79.296875,32.421875,14,12,5.828578949,0.5615435243,8.637337685
476.0610194,-506.4380462,411.8670759,7.8125e-05,0.00025390625,-0.003681640625,812.109375,79.296875,32.421875,14,12,5.828578949,0.5615435243,8.637337685
476.0610194,-506.4380462,411.8670759,7.8125e-05,0.00025390625,-0.003681640625,812.109375,79.296875,32.421875,14,12,5.822443485,0.5615435243,8.637337685
476.0610194,-506.4380462,411.8670759,7.8125e-05,0.00025390625,-0.003681640625,812.109375,79.296875,32.421875,14,12,5.822443485,0.5615435243,8.637337685
476.0610194,-506.4380462,411.8670759,7.8125e-05,0.00025390625,-0.003681640625,812.109375,79.296875,32.421875,14,12,5.816308022,0.5615435243,8.637337685
476.0610194,-506.4380462,411.8670759,7.8125e-05,0.00025390625,-0.003681640625,812.109375,79.296875,32.421875,14,12,5.816308022,0.5615435243,8.637337685
476.0610194,-506.4380462,411.8670759,7.8125e-05,0.00025390625,-0.003681640625,812.109375,79.296875,32.421875,14,12,5.814178467,0.5615435243,8.637337685
476.0610194,-506.4380462,411.8670759,7.8125e-05,0.00025390625,-0.003681640625,812.109375,79.296875,32.421875,14,12,5.814178467,0.5615435243,8.637337685
476.0610194,-506.4380462,411.8670759,7.8125e-05,0.00025390625,-0.003681640625,812.109375,79.296875,32.421875,14,12,5.8147192,0.5615435243,8.559382439
476.0610194,-506.4380462,411.8670759,7.8125e-05,0.00025390625,-0.003681640625,812.109375,79.296875,32.421875,14,12,5.8147192,0.06194848567,8.559382439
476.1081035,-506.4400091,411.8600993,0.001552734375,-0.001928710938,0.002368164062,941.6992188,-39.2578125,-139.5507813,14,12,5.797235489,0.06194848567,8.559382439
476.1081035,-506.4400091,411.8600993,0.001552734375,-0.001928710938,0.002368164062,941.6992188,-39.2578125,-139.5507813,14,12,5.797235489,0.06194848567,8.559382439
476.1081035,-506.4400091,411.8600993,0.001552734375,-0.001928710938,0.002368164062,941.6992188,-39.2578125,-139.5507813,14,12,5.801114082,0.06194848567,8.559382439
476.1081035,-506.4400091,411.8600993,0.001552734375,-0.001928710938,0.002368164062,941.6992188,-39.2578125,-139.5507813,14,12,5.801114082,0.06194848567,8.559382439
476.1081035,-506.4400091,411.8600993,0.001552734375,-0.001928710938,0.002368164062,941.6992188,-39.2578125,-139.5507813,14,12,5.795646191,0.06194848567,8.559382439
476.1081035,-506.4400091,411.8600993,0.001552734375,-0.001928710938,0.002368164062,941.6992188,-39.2578125,-139.5507813,14,12,5.795646191,0.06194848567,8.559382439
476.1081035,-506.4400091,411.8600993,0.001552734375,-0.001928710938,0.002368164062,941.6992188,-39.2578125,-139.5507813,14,12,5.802195072,0.06194848567,8.559382439
476.1081035,-506.4400091,411.8600993,0.001552734375,-0.001928710938,0.002368164062,941.6992188,-39.2578125,-139.5507813,14,12,5.802195072,0.06194848567,8.559382439
476.1081035,-506.4400091,411.8600993,0.001552734375,-0.001928710938,0.002368164062,941.6992188,-39.2578125,-139.5507813,14,12,5.786046028,0.06194848567,8.014285088
476.1081035,-506.4400091,411.8600993,0.001552734375,-0.001928710938,0.002368164062,941.6992188,-39.2578125,-139.5507813,14,12,5.786046028,0.3048079908,8.014285088
476.1081035,-506.4400091,411.8600993,0.001552734375,-0.001928710938,0.002368164062,941.6992188,-39.2578125,-139.5507813,14,12,5.775905609,0.3048079908,8.014285088
476.1081035,-506.4400091,411.8600993,0.001552734375,-0.001928710938,0.002368164062,941.6992188,-39.2578125,-139.5507813,14,12,5.775905609,0.3048079908,8.014285088
476.1081035,-506.4400091,411.8600993,0.001552734375,-0.001928710938,0.002368164062,941.6992188,-39.2578125,-139.5507813,14,12,5.795805931,0.3048079908,8.014285088
476.1081035,-506.4400091,411.8600993,0.001552734375,-0.001928710938,0.002368164062,941.6992188,-39.2578125,-139.5507813,14,12,5.795805931,0.3048079908,8.014285088
476.1081035,-506.4400091,411.8600993,0.001552734375,-0.001928710938,0.002368164062,941.6992188,-39.2578125,-139.5507813,14,12,5.794343948,0.3048079908,8.014285088
476.1081035,-506.4400091,411.8600993,0.001552734375,-0.001928710938,0.002368164062,941.6992188,-39.2578125,-139.5507813,14,12,5.794343948,0.3048079908,8.014285088
476.1081035,-506.4400091,411.8600993,0.001552734375,-0.001928710938,0.002368164062,941.6992188,-39.2578125,-139.5507813,14,12,5.784871101,0.3048079908,8.014285088
476.1081035,-506.4400091,411.8600993,0.001552734375,-0.001928710938,0.002368164062,941.6992188,-39.2578125,-139.5507813,14,12,5.784871101,0.3048079908,8.014285088
476.1081035,-506.4400091,411.8600993,0.001552734375,-0.001928710938,0.002368164062,941.6992188,-39.2578125,-139.5507813,14,12,5.780738831,0.3048079908,7.238493919
476.1081035,-506.4400091,411.8600993,0.001552734375,-0.001928710938,0.002368164062,941.6992188,-39.2578125,-139.5507813,14,12,5.780738831,0.03219246492,7.238493919
476.1081035,-506.4400091,411.8600993,0.001552734375,-0.001928710938,0.002368164062,941.6992188,-39.2578125,-139.5507813,14,12,5.781279564,0.03219246492,7.238493919
476.1081035,-506.4400091,411.8600993,0.001552734375,-0.001928710938,0.002368164062,941.6992188,-39.2578125,-139.5507813,14,12,5.781279564,0.03219246492,7.238493919
476.1081035,-506.4400091,411.8600993,0.001552734375,-0.001928710938,0.002368164062,941.6992188,-39.2578125,-139.5507813,14,12,5.795171738,0.03219246492,7.238493919
476.1081035,-506.4400091,411.8600993,0.001552734375,-0.001928710938,0.002368164062,941.6992188,-39.2578125,-139.5507813,14,12,5.795171738,0.03219246492,7.238493919
476.1081035,-506.4400091,411.8600993,0.001552734375,-0.001928710938,0.002368164062,941.6992188,-39.2578125,-139.5507813,14,12,5.796380043,0.03219246492,7.238493919
476.1081035,-506.4400091,411.8600993,0.001552734375,-0.001928710938,0.002368164062,941.6992188,-39.2578125,-139.5507813,14,12,5.796380043,0.03219246492,7.238493919
476.1081035,-506.4400091,411.8600993,0.001552734375,-0.001928710938,0.002368164062,941.6992188,-39.2578125,-139.5507813,14,12,5.765544891,0.03219246492,7.238493919
476.1081035,-506.4400091,411.8600993,0.001552734375,-0.001928710938,0.002368164062,941.6992188,-39.2578125,-139.5507813,14,12,5.765544891,0.03219246492,7.238493919
476.1081035,-506.4400091,411.8600993,0.001552734375,-0.001928710938,0.002368164062,941.6992188,-39.2578125,-139.5507813,14,12,5.776766777,0.03219246492,7.077288151
476.1081035,-506.4400091,411.8600993,0.001552734375,-0.001928710938,0.002368164062,941.6992188,-39.2578125,-139.5507813,14,12,5.776766777,0.6196866632,7.077288151
476.1574873,-506.4420159,411.8654029,-0.002578125,0.001782226563,0.002426757812,987.6953125,-40.13671875,106.0546875,14,12,5.787988663,0.6196866632,7.077288151
476.1574873,-506.4420159,411.8654029,-0.002578125,0.001782226563,0.002426757812,987.6953125,-40.13671875,106.0546875,14,12,5.787988663,0.6196866632,7.077288151
476.1574873,-506.4420159,411.8654029,-0.002578125,0.001782226563,0.002426757812,987.6953125,-40.13671875,106.0546875,14,12,5.782520771,0.6196866632,7.077288151
476.1574873,-506.4420159,411.8654029,-0.002578125,0.001782226563,0.002426757812,987.6953125,-40.13671875,106.0546875,14,12,5.782520771,0.6196866632,7.077288151
476.1574873,-506.4420159,411.8654029,-0.002578125,0.001782226563,0.002426757812,987.6953125,-40.13671875,106.0546875,14,12,5.777052879,0.6196866632,7.077288151
476.1574873,-506.4420159,411.8654029,-0.002578125,0.001782226563,0.002426757812,987.6953125,-40.13671875,106.0546875,14,12,5.777052879,0.6196866632,7.077288151
476.1574873,-506.4420159,411.8654029,-0.002578125,0.001782226563,0.002426757812,987.6953125,-40.13671875,106.0546875,14,12,5.775590897,0.6196866632,7.077288151
476.1574873,-506.4420159,411.8654029,-0.002578125,0.001782226563,0.002426757812,987.6953125,-40.13671875,106.0546875,14,12,5.775590897,0.6196866632,7.077288151
476.1574873,-506.4420159,411.8654029,-0.002578125,0.001782226563,0.002426757812,987.6953125,-40.13671875,106.0546875,14,12,5.792153358,0.6196866632,7.168774605
476.1574873,-506.4420159,411.8654029,-0.002578125,0.001782226563,0.002426757812,987.6953125,-40.13671875,106.0546875,14,12,5.792153358,1.438842416,7.168774605
476.1574873,-506.4420159,411.8654029,-0.002578125,0.001782226563,0.002426757812,987.6953125,-40.13671875,106.0546875,14,12,5.796031952,1.438842416,7.168774605
476.1574873,-506.4420159,411.8654029,-0.002578125,0.001782226563,0.002426757812,987.6953125,-40.13671875,106.0546875,14,12,5.796031952,1.438842416,7.168774605
476.1574873,-506.4420159,411.8654029,-0.002578125,0.001782226563,0.002426757812,987.6953125,-40.13671875,106.0546875,14,12,5.775877953,1.438842416,7.168774605
476.1574873,-506.4420159,411.8654029,-0.002578125,0.001782226563,0.002426757812,987.6953125,-40.13671875,106.0546875,14,12,5.775877953,1.438842416,7.168774605
476.1574873,-506.4420159,411.8654029,-0.002578125,0.001782226563,0.002426757812,987.6953125,-40.13671875,106.0546875,14,12,5.773748398,1.438842416,7.168774605
476.1574873,-506.4420159,411.8654029,-0.002578125,0.001782226563,0.002426757812,987.6953125,-40.13671875,106.0546875,14,12,5.773748398,1.438842416,7.168774605
476.1574873,-506.4420159,411.8654029,-0.002578125,0.001782226563,0.002426757812,987.6953125,-40.13671875,106.0546875,14,12,5.794315815,1.438842416,7.168774605
476.1574873,-506.4420159,411.8654029,-0.002578125,0.001782226563,0.002426757812,987.6953125,-40.13671875,106.0546875,14,12,5.794315815,1.438842416,7.168774605
476.1574873,-506.4420159,411.8654029,-0.002578125,0.001782226563,0.002426757812,987.6953125,-40.13671875,106.0546875,14,12,5.79218626,1.438842416,7.630640984
476.1574873,-506.4420159,411.8654029,-0.002578125,0.001782226563,0.002426757812,987.6953125,-40.13671875,106.0546875,14,12,5.79218626,1.888044596,7.630640984
476.1574873,-506.4420159,411.8654029,-0.002578125,0.001782226563,0.002426757812,987.6953125,-40.13671875,106.0546875,14,12,5.788721085,1.888044596,7.630640984
476.1574873,-506.4420159,411.8654029,-0.002578125,0.001782226563,0.002426757812,987.6953125,-40.13671875,106.0546875,14,12,5.788721085,1.888044596,7.630640984
476.1574873,-506.4420159,411.8654029,-0.002578125,0.001782226563,0.002426757812,987.6953125,-40.13671875,106.0546875,14,12,5.779915333,1.888044596,7.630640984
476.1574873,-506.4420159,411.8654029,-0.002578125,0.001782226563,0.002426757812,987.6953125,-40.13671875,106.0546875,14,12,5.779915333,1.888044596,7.630640984
476.1574873,-506.4420159,411.8654029,-0.002578125,0.001782226563,0.002426757812,987.6953125,-40.13671875,106.0546875,14,12,5.783793926,1.888044596,7.630640984
476.1574873,-506.4420159,411.8654029,-0.002578125,0.001782226563,0.002426757812,987.6953125,-40.13671875,106.0546875,14,12,5.783793926,1.888044596,7.630640984
476.1574873,-506.4420159,411.8654029,-0.002578125,0.001782226563,0.002426757812,987.6953125,-40.13671875,106.0546875,14,12,5.800356388,1.888044596,7.630640984
476.1574873,-506.4420159,411.8654029,-0.002578125,0.001782226563,0.002426757812,987.6953125,-40.13671875,106.0546875,14,12,5.800356388,1.888044596,7.630640984
476.1574873,-506.4420159,411.8654029,-0.002578125,0.001782226563,0.002426757812,987.6953125,-40.13671875,106.0546875,14,12,5.795556545,1.888044596,8.253726006
476.1574873,-506.4420159,411.8654029,-0.002578125,0.001782226563,0.002426757812,987.6953125,-40.13671875,106.0546875,14,12,5.795556545,1.910647869,8.253726006
476.1976817,-506.43851,411.8687193,-0.0001318359375,0.0007275390625,-0.004204101562,803.90625,70.1171875,66.30859375,14,12,5.782077789,1.910647869,8.253726006
476.1976817,-506.43851,411.8687193,-0.0001318359375,0.0007275390625,-0.004204101562,803.90625,70.1171875,66.30859375,14,12,5.782077789,1.910647869,8.253726006
476.1976817,-506.43851,411.8687193,-0.0001318359375,0.0007275390625,-0.004204101562,803.90625,70.1171875,66.30859375,14,12,5.793967247,1.910647869,8.253726006
476.1976817,-506.43851,411.8687193,-0.0001318359375,0.0007275390625,-0.004204101562,803.90625,70.1171875,66.30859375,14,12,5.793967247,1.910647869,8.253726006
476.1976817,-506.43851,411.8687193,-0.0001318359375,0.0007275390625,-0.004204101562,803.90625,70.1171875,66.30859375,14,12,5.791837692,1.910647869,8.253726006
476.1976817,-506.43851,411.8687193,-0.0001318359375,0.0007275390625,-0.004204101562,803.90625,70.1171875,66.30859375,14,12,5.791837692,1.910647869,8.253726006
476.1976817,-506.43851,411.8687193,-0.0001318359375,0.0007275390625,-0.004204101562,803.90625,70.1171875,66.30859375,14,12,5.786369801,1.910647869,8.253726006
476.1976817,-506.43851,411.8687193,-0.0001318359375,0.0007275390625,-0.004204101562,803.90625,70.1171875,66.30859375,14,12,5.786369801,1.910647869,8.253726006
476.1976817,-506.43851,411.8687193,-0.0001318359375,0.0007275390625,-0.004204101562,803.90625,70.1171875,66.30859375,14,12,5.774893761,1.910647869,8.580870628
476.1976817,-506.43851,411.8687193,-0.0001318359375,0.0007275390625,-0.004204101562,803.90625,70.1171875,66.30859375,14,12,5.774893761,1.530616641,8.580870628
476.1976817,-506.43851,411.8687193,-0.0001318359375,0.0007275390625,-0.004204101562,803.90625,70.1171875,66.30859375,14,12,5.765420914,1.530616641,8.580870628
476.1976817,-506.43851,411.8687193,-0.0001318359375,0.0007275390625,-0.004204101562,803.90625,70.1171875,66.30859375,14,12,5.765420914,1.530616641,8.580870628
476.1976817,-506.43851,411.8687193,-0.0001318359375,0.0007275390625,-0.004204101562,803.90625,70.1171875,66.30859375,14,12,5.777310371,1.530616641,8.580870628
476.1976817,-506.43851,411.8687193,-0.0001318359375,0.0007275390625,-0.004204101562,803.90625,70.1171875,66.30859375,14,12,5.777310371,1.530616641,8.580870628
476.1976817,-506.43851,411.8687193,-0.0001318359375,0.0007275390625,-0.004204101562,803.90625,70.1171875,66.30859375,14,12,5.77184248,1.530616641,8.580870628
476.1976817,-506.43851,411.8687193,-0.0001318359375,0.0007275390625,-0.004204101562,803.90625,70.1171875,66.30859375,14,12,5.77184248,1.530616641,8.580870628
476.1976817,-506.43851,411.8687193,-0.0001318359375,0.0007275390625,-0.004204101562,803.90625,70.1171875,66.30859375,14,12,5.759699345,1.530616641,8.580870628
476.1976817,-506.43851,411.8687193,-0.0001318359375,0.0007275390625,-0.004204101562,803.90625,70.1171875,66.30859375,14,12,5.759699345,1.530616641,8.580870628
476.1976817,-506.43851,411.8687193,-0.0001318359375,0.0007275390625,-0.004204101562,803.90625,70.1171875,66.30859375,14,12,5.764912605,1.530616641,8.916535378
476.1976817,-506.43851,411.8687193,-0.0001318359375,0.0007275390625,-0.004204101562,803.90625,70.1171875,66.30859375,14,12,5.764912605,0.8157770634,8.916535378
476.1976817,-506.43851,411.8687193,-0.0001318359375,0.0007275390625,-0.004204101562,803.90625,70.1171875,66.30859375,14,12,5.765453339,0.8157770634,8.916535378
476.1976817,-506.43851,411.8687193,-0.0001318359375,0.0007275390625,-0.004204101562,803.90625,70.1171875,66.30859375,14,12,5.765453339,0.8157770634,8.916535378
476.1976817,-506.43851,411.8687193,-0.0001318359375,0.0007275390625,-0.004204101562,803.90625,70.1171875,66.30859375,14,12,5.753977299,0.8157770634,8.916535378
476.1976817,-506.43851,411.8687193,-0.0001318359375,0.0007275390625,-0.004204101562,803.90625,70.1171875,66.30859375,14,12,5.753977299,0.8157770634,8.916535378
476.1976817,-506.43851,411.8687193,-0.0001318359375,0.0007275390625,-0.004204101562,803.90625,70.1171875,66.30859375,14,12,5.753182411,0.8157770634,8.916535378
476.1976817,-506.43851,411.8687193,-0.0001318359375,0.0007275390625,-0.004204101562,803.90625,70.1171875,66.30859375,14,12,5.753182411,0.8157770634,8.916535378
476.1976817,-506.43851,411.8687193,-0.0001318359375,0.0007275390625,-0.004204101562,803.90625,70.1171875,66.30859375,14,12,5.748382568,0.8157770634,8.916535378
476.1976817,-506.43851,411.8687193,-0.0001318359375,0.0007275390625,-0.004204101562,803.90625,70.1171875,66.30859375,14,12,5.748382568,0.8157770634,8.916535378
476.1976817,-506.43851,411.8687193,-0.0001318359375,0.0007275390625,-0.004204101562,803.90625,70.1171875,66.30859375,14,12,5.758936405,0.8157770634,8.497802734
476.1976817,-506.43851,411.8687193,-0.0001318359375,0.0007275390625,-0.004204101562,803.90625,70.1171875,66.30859375,14,12,5.758936405,0.1013596579,8.497802734
476.2439259,-506.439179,411.8613618,0.002778320313,-0.002470703125,0.000673828125,924.9023438,-13.37890625,-147.1679688,14,12,5.744790077,0.1013596579,8.497802734
476.2439259,-506.439179,411.8613618,0.002778320313,-0.002470703125,0.000673828125,924.9023438,-13.37890625,-147.1679688,14,12,5.744790077,0.1013596579,8.497802734
476.2439259,-506.439179,411.8613618,0.002778320313,-0.002470703125,0.000673828125,924.9023438,-13.37890625,-147.1679688,14,12,5.751338959,0.1013596579,8.497802734
476.2439259,-506.439179,411.8613618,0.002778320313,-0.002470703125,0.000673828125,924.9023438,-13.37890625,-147.1679688,14,12,5.751338959,0.1013596579,8.497802734
476.2439259,-506.439179,411.8613618,0.002778320313,-0.002470703125,0.000673828125,924.9023438,-13.37890625,-147.1679688,14,12,5.746539116,0.1013596579,8.497802734
476.2439259,-506.439179,411.8613618,0.002778320313,-0.002470703125,0.000673828125,924.9023438,-13.37890625,-147.1679688,14,12,5.746539116,0.1013596579,8.497802734
476.2439259,-506.439179,411.8613618,0.002778320313,-0.002470703125,0.000673828125,924.9023438,-13.37890625,-147.1679688,14,12,5.755090714,0.1013596579,8.497802734
476.2439259,-506.439179,411.8613618,0.002778320313,-0.002470703125,0.000673828125,924.9023438,-13.37890625,-147.1679688,14,12,5.755090714,0.1013596579,8.497802734
476.2439259,-506.439179,411.8613618,0.002778320313,-0.002470703125,0.000673828125,924.9023438,-13.37890625,-147.1679688,14,12,5.744282246,0.1013596579,8.014285088
476.2439259,-506.439179,411.8613618,0.002778320313,-0.002470703125,0.000673828125,924.9023438,-13.37890625,-147.1679688,14,12,5.744282246,0.1885015965,8.014285088
476.2439259,-506.439179,411.8613618,0.002778320313,-0.002470703125,0.000673828125,924.9023438,-13.37890625,-147.1679688,14,12,5.744822979,0.1885015965,8.014285088
476.2439259,-506.439179,411.8613618,0.002778320313,-0.002470703125,0.000673828125,924.9023438,-13.37890625,-147.1679688,14,12,5.744822979,0.1885015965,8.014285088
476.2439259,-506.439179,411.8613618,0.002778320313,-0.002470703125,0.000673828125,924.9023438,-13.37890625,-147.1679688,14,12,5.758047104,0.1885015965,8.014285088
476.2439259,-506.439179,411.8613618,0.002778320313,-0.002470703125,0.000673828125,924.9023438,-13.37890625,-147.1679688,14,12,5.758047104,0.1885015965,8.014285088
476.2439259,-506.439179,411.8613618,0.002778320313,-0.002470703125,0.000673828125,924.9023438,-13.37890625,-147.1679688,14,12,5.764595985,0.1885015965,8.014285088
476.2439259,-506.439179,411.8613618,0.002778320313,-0.002470703125,0.000673828125,924.9023438,-13.37890625,-147.1679688,14,12,5.764595985,0.1885015965,8.014285088
476.2439259,-506.439179,411.8613618,0.002778320313,-0.002470703125,0.000673828125,924.9023438,-13.37890625,-147.1679688,14,12,5.747779369,0.1885015965,8.014285088
476.2439259,-506.439179,411.8613618,0.002778320313,-0.002470703125,0.000673828125,924.9023438,-13.37890625,-147.1679688,14,12,5.747779369,0.1885015965,8.014285088
476.2439259,-506.439179,411.8613618,0.002778320313,-0.002470703125,0.000673828125,924.9023438,-13.37890625,-147.1679688,14,12,5.753660679,0.1885015965,7.377972126
476.2439259,-506.439179,411.8613618,0.002778320313,-0.002470703125,0.000673828125,924.9023438,-13.37890625,-147.1679688,14,12,5.753660679,0.04040647671,7.377972126
476.2439259,-506.439179,411.8613618,0.002778320313,-0.002470703125,0.000673828125,924.9023438,-13.37890625,-147.1679688,14,12,5.769555092,0.04040647671,7.377972126
476.2439259,-506.439179,411.8613618,0.002778320313,-0.002470703125,0.000673828125,924.9023438,-13.37890625,-147.1679688,14,12,5.769555092,0.04040647671,7.377972126
476.2439259,-506.439179,411.8613618,0.002778320313,-0.002470703125,0.000673828125,924.9023438,-13.37890625,-147.1679688,14,12,5.77410078,0.04040647671,7.377972126
476.2439259,-506.439179,411.8613618,0.002778320313,-0.002470703125,0.000673828125,924.9023438,-13.37890625,-147.1679688,14,12,5.77410078,0.04040647671,7.377972126
476.2439259,-506.439179,411.8613618,0.002778320313,-0.002470703125,0.000673828125,924.9023438,-13.37890625,-147.1679688,14,12,5.772638798,0.04040647671,7.377972126
476.2439259,-506.439179,411.8613618,0.002778320313,-0.002470703125,0.000673828125,924.9023438,-13.37890625,-147.1679688,14,12,5.772638798,0.04040647671,7.377972126
476.2439259,-506.439179,411.8613618,0.002778320313,-0.002470703125,0.000673828125,924.9023438,-13.37890625,-147.1679688,14,12,5.763833046,0.04040647671,7.377972126
476.2439259,-506.439179,411.8613618,0.002778320313,-0.002470703125,0.000673828125,924.9023438,-13.37890625,-147.1679688,14,12,5.763833046,0.04040647671,7.377972126
476.2439259,-506.439179,411.8613618,0.002778320313,-0.002470703125,0.000673828125,924.9023438,-13.37890625,-147.1679688,14,12,5.784400463,0.04040647671,7.103869438
476.2439259,-506.439179,411.8613618,0.002778320313,-0.002470703125,0.000673828125,924.9023438,-13.37890625,-147.1679688,14,12,5.784400463,0.4311199784,7.103869438
476.2940715,-506.4415569,411.8637016,-0.002387695312,0.001240234375,0.00283203125,1002.929688,-47.55859375,46.77734375,14,12,5.796289921,0.4311199784,7.103869438
476.2940715,-506.4415569,411.8637016,-0.002387695312,0.001240234375,0.00283203125,1002.929688,-47.55859375,46.77734375,14,12,5.796289921,0.4311199784,7.103869438
476.2940715,-506.4415569,411.8637016,-0.002387695312,0.001240234375,0.00283203125,1002.929688,-47.55859375,46.77734375,14,12,5.789487362,0.4311199784,7.103869438
476.2940715,-506.4415569,411.8637016,-0.002387695312,0.001240234375,0.00283203125,1002.929688,-47.55859375,46.77734375,14,12,5.789487362,0.4311199784,7.103869438
476.2940715,-506.4415569,411.8637016,-0.002387695312,0.001240234375,0.00283203125,1002.929688,-47.55859375,46.77734375,14,12,5.789360046,0.4311199784,7.103869438
476.2940715,-506.4415569,411.8637016,-0.002387695312,0.001240234375,0.00283203125,1002.929688,-47.55859375,46.77734375,14,12,5.789360046,0.4311199784,7.103869438
476.2940715,-506.4415569,411.8637016,-0.002387695312,0.001240234375,0.00283203125,1002.929688,-47.55859375,46.77734375,14,12,5.804586887,0.4311199784,7.103869438
476.2940715,-506.4415569,411.8637016,-0.002387695312,0.001240234375,0.00283203125,1002.929688,-47.55859375,46.77734375,14,12,5.804586887,0.4311199784,7.103869438
476.2940715,-506.4415569,411.8637016,-0.002387695312,0.001240234375,0.00283203125,1002.929688,-47.55859375,46.77734375,14,12,5.8204813,0.4311199784,6.859560013
476.2940715,-506.4415569,411.8637016,-0.002387695312,0.001240234375,0.00283203125,1002.929688,-47.55859375,46.77734375,14,12,5.8204813,1.291584015,6.859560013
476.2940715,-506.4415569,411.8637016,-0.002387695312,0.001240234375,0.00283203125,1002.929688,-47.55859375,46.77734375,14,12,5.814345837,1.291584015,6.859560013
476.2940715,-506.4415569,411.8637016,-0.002387695312,0.001240234375,0.00283203125,1002.929688,-47.55859375,46.77734375,14,12,5.814345837,1.291584015,6.859560013
476.2940715,-506.4415569,411.8637016,-0.002387695312,0.001240234375,0.00283203125,1002.929688,-47.55859375,46.77734375,14,12,5.812216282,1.291584015,6.859560013
476.2940715,-506.4415569,411.8637016,-0.002387695312,0.001240234375,0.00283203125,1002.929688,-47.55859375,46.77734375,14,12,5.812216282,1.291584015,6.859560013
476.2940715,-506.4415569,411.8637016,-0.002387695312,0.001240234375,0.00283203125,1002.929688,-47.55859375,46.77734375,14,12,5.817429543,1.291584015,6.859560013
476.2940715,-506.4415569,411.8637016,-0.002387695312,0.001240234375,0.00283203125,1002.929688,-47.55859375,46.77734375,14,12,5.817429543,1.291584015,6.859560013
476.2940715,-506.4415569,411.8637016,-0.002387695312,0.001240234375,0.00283203125,1002.929688,-47.55859375,46.77734375,14,12,5.839332581,1.291584015,6.859560013
476.2940715,-506.4415569,411.8637016,-0.002387695312,0.001240234375,0.00283203125,1002.929688,-47.55859375,46.77734375,14,12,5.839332581,1.291584015,6.859560013
476.2940715,-506.4415569,411.8637016,-0.002387695312,0.001240234375,0.00283203125,1002.929688,-47.55859375,46.77734375,14,12,5.836534977,1.291584015,7.133921146
476.2940715,-506.4415569,411.8637016,-0.002387695312,0.001240234375,0.00283203125,1002.929688,-47.55859375,46.77734375,14,12,5.836534977,1.943071127,7.133921146
476.2940715,-506.4415569,411.8637016,-0.002387695312,0.001240234375,0.00283203125,1002.929688,-47.55859375,46.77734375,14,12,5.832402706,1.943071127,7.133921146
476.2940715,-506.4415569,411.8637016,-0.002387695312,0.001240234375,0.00283203125,1002.929688,-47.55859375,46.77734375,14,12,5.832402706,1.943071127,7.133921146
476.2940715,-506.4415569,411.8637016,-0.002387695312,0.001240234375,0.00283203125,1002.929688,-47.55859375,46.77734375,14,12,5.834278107,1.943071127,7.133921146
476.2940715,-506.4415569,411.8637016,-0.002387695312,0.001240234375,0.00283203125,1002.929688,-47.55859375,46.77734375,14,12,5.834278107,1.943071127,7.133921146
476.2940715,-506.4415569,411.8637016,-0.002387695312,0.001240234375,0.00283203125,1002.929688,-47.55859375,46.77734375,14,12,5.849504948,1.943071127,7.133921146
476.2940715,-506.4415569,411.8637016,-0.002387695312,0.001240234375,0.00283203125,1002.929688,-47.55859375,46.77734375,14,12,5.849504948,1.943071127,7.133921146
476.2940715,-506.4415569,411.8637016,-0.002387695312,0.001240234375,0.00283203125,1002.929688,-47.55859375,46.77734375,14,12,5.856053829,1.943071127,7.133921146
476.2940715,-506.4415569,411.8637016,-0.002387695312,0.001240234375,0.00283203125,1002.929688,-47.55859375,46.77734375,14,12,5.856053829,1.943071127,7.133921146
476.2940715,-506.4415569,411.8637016,-0.002387695312,0.001240234375,0.00283203125,1002.929688,-47.55859375,46.77734375,14,12,5.845245361,1.943071127,7.804978848
476.2940715,-506.4415569,411.8637016,-0.002387695312,0.001240234375,0.00283203125,1002.929688,-47.55859375,46.77734375,14,12,5.845245361,2.096498966,7.804978848
476.3351497,-506.4392571,411.8679554,-0.001538085938,0.001098632813,-0.00259765625,821.5820313,45.99609375,85.05859375,14,12,5.845118046,2.096498966,7.804978848
476.3351497,-506.4392571,411.8679554,-0.001538085938,0.001098632813,-0.00259765625,821.5820313,45.99609375,85.05859375,14,12,5.845118046,2.096498966,7.804978848
476.3351497,-506.4392571,411.8679554,-0.001538085938,0.001098632813,-0.00259765625,821.5820313,45.99609375,85.05859375,14,12,5.863682747,2.096498966,7.804978848
476.3351497,-506.4392571,411.8679554,-0.001538085938,0.001098632813,-0.00259765625,821.5820313,45.99609375,85.05859375,14,12,5.863682747,2.096498966,7.804978848
476.3351497,-506.4392571,411.8679554,-0.001538085938,0.001098632813,-0.00259765625,821.5820313,45.99609375,85.05859375,14,12,5.869564056,2.096498966,7.804978848
476.3351497,-506.4392571,411.8679554,-0.001538085938,0.001098632813,-0.00259765625,821.5820313,45.99609375,85.05859375,14,12,5.869564056,2.096498966,7.804978848
476.3351497,-506.4392571,411.8679554,-0.001538085938,0.001098632813,-0.00259765625,821.5820313,45.99609375,85.05859375,14,12,5.860091209,2.096498966,7.804978848
476.3351497,-506.4392571,411.8679554,-0.001538085938,0.001098632813,-0.00259765625,821.5820313,45.99609375,85.05859375,14,12,5.860091209,2.096498966,7.804978848
476.3351497,-506.4392571,411.8679554,-0.001538085938,0.001098632813,-0.00259765625,821.5820313,45.99609375,85.05859375,14,12,5.852621078,2.096498966,8.266860962
476.3351497,-506.4392571,411.8679554,-0.001538085938,0.001098632813,-0.00259765625,821.5820313,45.99609375,85.05859375,14,12,5.852621078,1.840881228,8.266860962
476.3351497,-506.4392571,411.8679554,-0.001538085938,0.001098632813,-0.00259765625,821.5820313,45.99609375,85.05859375,14,12,5.860504627,1.840881228,8.266860962
476.3351497,-506.4392571,411.8679554,-0.001538085938,0.001098632813,-0.00259765625,821.5820313,45.99609375,85.05859375,14,12,5.860504627,1.840881228,8.266860962
476.3351497,-506.4392571,411.8679554,-0.001538085938,0.001098632813,-0.00259765625,821.5820313,45.99609375,85.05859375,14,12,5.867720604,1.840881228,8.266860962
476.3351497,-506.4392571,411.8679554,-0.001538085938,0.001098632813,-0.00259765625,821.5820313,45.99609375,85.05859375,14,12,5.867720604,1.840881228,8.266860962
476.3351497,-506.4392571,411.8679554,-0.001538085938,0.001098632813,-0.00259765625,821.5820313,45.99609375,85.05859375,14,12,5.849569321,1.840881228,8.266860962
476.3351497,-506.4392571,411.8679554,-0.001538085938,0.001098632813,-0.00259765625,821.5820313,45.99609375,85.05859375,14,12,5.849569321,1.840881228,8.266860962
476.3351497,-506.4392571,411.8679554,-0.001538085938,0.001098632813,-0.00259765625,821.5820313,45.99609375,85.05859375,14,12,5.844769478,1.840881228,8.266860962
476.3351497,-506.4392571,411.8679554,-0.001538085938,0.001098632813,-0.00259765625,821.5820313,45.99609375,85.05859375,14,12,5.844769478,1.840881228,8.266860962
476.3351497,-506.4392571,411.8679554,-0.001538085938,0.001098632813,-0.00259765625,821.5820313,45.99609375,85.05859375,14,12,5.849315166,1.840881228,8.65899086
476.3351497,-506.4392571,411.8679554,-0.001538085938,0.001098632813,-0.00259765625,821.5820313,45.99609375,85.05859375,14,12,5.849315166,1.138087749,8.65899086
476.3351497,-506.4392571,411.8679554,-0.001538085938,0.001098632813,-0.00259765625,821.5820313,45.99609375,85.05859375,14,12,5.845849991,1.138087749,8.65899086
476.3351497,-506.4392571,411.8679554,-0.001538085938,0.001098632813,-0.00259765625,821.5820313,45.99609375,85.05859375,14,12,5.845849991,1.138087749,8.65899086
476.3351497,-506.4392571,411.8679554,-0.001538085938,0.001098632813,-0.00259765625,821.5820313,45.99609375,85.05859375,14,12,5.83837986,1.138087749,8.65899086
476.3351497,-506.4392571,411.8679554,-0.001538085938,0.001098632813,-0.00259765625,821.5820313,45.99609375,85.05859375,14,12,5.83837986,1.138087749,8.65899086
476.3351497,-506.4392571,411.8679554,-0.001538085938,0.001098632813,-0.00259765625,821.5820313,45.99609375,85.05859375,14,12,5.822230816,1.138087749,8.65899086
476.3351497,-506.4392571,411.8679554,-0.001538085938,0.001098632813,-0.00259765625,821.5820313,45.99609375,85.05859375,14,12,5.822230816,1.138087749,8.65899086
476.3351497,-506.4392571,411.8679554,-0.001538085938,0.001098632813,-0.00259765625,821.5820313,45.99609375,85.05859375,14,12,5.837457657,1.138087749,8.65899086
476.3351497,-506.4392571,411.8679554,-0.001538085938,0.001098632813,-0.00259765625,821.5820313,45.99609375,85.05859375,14,12,5.837457657,1.138087749,8.65899086
476.3351497,-506.4392571,411.8679554,-0.001538085938,0.001098632813,-0.00259765625,821.5820313,45.99609375,85.05859375,14,12,5.82464695,1.138087749,8.750454903
476.3351497,-506.4392571,411.8679554,-0.001538085938,0.001098632813,-0.00259765625,821.5820313,45.99609375,85.05859375,14,12,5.82464695,0.3380641639,8.750454903
476.3804808,-506.4388274,411.8612327,0.00248046875,-0.002290039063,0.000517578125,906.640625,8.59375,-134.4726563,14,12,5.81650877,0.3380641639,8.750454903
476.3804808,-506.4388274,411.8612327,0.00248046875,-0.002290039063,0.000517578125,906.640625,8.59375,-134.4726563,14,12,5.81650877,0.3380641639,8.750454903
476.3804808,-506.4388274,411.8612327,0.00248046875,-0.002290039063,0.000517578125,906.640625,8.59375,-134.4726563,14,12,5.824392319,0.3380641639,8.750454903
476.3804808,-506.4388274,411.8612327,0.00248046875,-0.002290039063,0.000517578125,906.640625,8.59375,-134.4726563,14,12,5.824392319,0.3380641639,8.750454903
476.3804808,-506.4388274,411.8612327,0.00248046875,-0.002290039063,0.000517578125,906.640625,8.59375,-134.4726563,14,12,5.822262764,0.3380641639,8.750454903
476.3804808,-506.4388274,411.8612327,0.00248046875,-0.002290039063,0.000517578125,906.640625,8.59375,-134.4726563,14,12,5.822262764,0.3380641639,8.750454903
476.3804808,-506.4388274,411.8612327,0.00248046875,-0.002290039063,0.000517578125,906.640625,8.59375,-134.4726563,14,12,5.804779053,0.3380641639,8.750454903
476.3804808,-506.4388274,411.8612327,0.00248046875,-0.002290039063,0.000517578125,906.640625,8.59375,-134.4726563,14,12,5.804779053,0.3380641639,8.750454903
476.3804808,-506.4388274,411.8612327,0.00248046875,-0.002290039063,0.000517578125,906.640625,8.59375,-134.4726563,14,12,5.799311161,0.3380641639,8.371505737
476.3804808,-506.4388274,411.8612327,0.00248046875,-0.002290039063,0.000517578125,906.640625,8.59375,-134.4726563,14,12,5.799311161,0.153142333,8.371505737
476.3804808,-506.4388274,411.8612327,0.00248046875,-0.002290039063,0.000517578125,906.640625,8.59375,-134.4726563,14,12,5.80385685,0.153142333,8.371505737
476.3804808,-506.4388274,411.8612327,0.00248046875,-0.002290039063,0.000517578125,906.640625,8.59375,-134.4726563,14,12,5.80385685,0.153142333,8.371505737
476.3804808,-506.4388274,411.8612327,0.00248046875,-0.002290039063,0.000517578125,906.640625,8.59375,-134.4726563,14,12,5.807735443,0.153142333,8.371505737
476.3804808,-506.4388274,411.8612327,0.00248046875,-0.002290039063,0.000517578125,906.640625,8.59375,-134.4726563,14,12,5.807735443,0.153142333,8.371505737
476.3804808,-506.4388274,411.8612327,0.00248046875,-0.002290039063,0.000517578125,906.640625,8.59375,-134.4726563,14,12,5.796259403,0.153142333,8.371505737
476.3804808,-506.4388274,411.8612327,0.00248046875,-0.002290039063,0.000517578125,906.640625,8.59375,-134.4726563,14,12,5.796259403,0.153142333,8.371505737
476.3804808,-506.4388274,411.8612327,0.00248046875,-0.002290039063,0.000517578125,906.640625,8.59375,-134.4726563,14,12,5.780778408,0.153142333,8.371505737
476.3804808,-506.4388274,411.8612327,0.00248046875,-0.002290039063,0.000517578125,906.640625,8.59375,-134.4726563,14,12,5.780778408,0.153142333,8.371505737
476.3804808,-506.4388274,411.8612327,0.00248046875,-0.002290039063,0.000517578125,906.640625,8.59375,-134.4726563,14,12,5.794670582,0.153142333,7.888030529
476.3804808,-506.4388274,411.8612327,0.00248046875,-0.002290039063,0.000517578125,906.640625,8.59375,-134.4726563,14,12,5.794670582,0.2445175946,7.888030529
476.3804808,-506.4388274,411.8612327,0.00248046875,-0.002290039063,0.000517578125,906.640625,8.59375,-134.4726563,14,12,5.801886559,0.2445175946,7.888030529
476.3804808,-506.4388274,411.8612327,0.00248046875,-0.002290039063,0.000517578125,906.640625,8.59375,-134.4726563,14,12,5.801886559,0.2445175946,7.888030529
476.3804808,-506.4388274,411.8612327,0.00248046875,-0.002290039063,0.000517578125,906.640625,8.59375,-134.4726563,14,12,5.790410519,0.2445175946,7.888030529
476.3804808,-506.4388274,411.8612327,0.00248046875,-0.002290039063,0.000517578125,906.640625,8.59375,-134.4726563,14,12,5.790410519,0.2445175946,7.888030529
476.3804808,-506.4388274,411.8612327,0.00248046875,-0.002290039063,0.000517578125,906.640625,8.59375,-134.4726563,14,12,5.788280964,0.2445175946,7.888030529
476.3804808,-506.4388274,411.8612327,0.00248046875,-0.002290039063,0.000517578125,906.640625,8.59375,-134.4726563,14,12,5.788280964,0.2445175946,7.888030529
476.3804808,-506.4388274,411.8612327,0.00248046875,-0.002290039063,0.000517578125,906.640625,8.59375,-134.4726563,14,12,5.789489269,0.2445175946,7.888030529
476.3804808,-506.4388274,411.8612327,0.00248046875,-0.002290039063,0.000517578125,906.640625,8.59375,-134.4726563,14,12,5.789489269,0.2445175946,7.888030529
476.3804808,-506.4388274,411.8612327,0.00248046875,-0.002290039063,0.000517578125,906.640625,8.59375,-134.4726563,14,12,5.79136467,0.2445175946,7.321448803
476.3804808,-506.4388274,411.8612327,0.00248046875,-0.002290039063,0.000517578125,906.640625,8.59375,-134.4726563,14,12,5.79136467,0.09159334749,7.321448803
476.4300014,-506.4416155,411.8630598,-0.001904296875,0.001220703125,0.003403320312,990.4296875,-55.76171875,36.5234375,14,12,5.799916267,0.09159334749,7.321448803
476.4300014,-506.4416155,411.8630598,-0.001904296875,0.001220703125,0.003403320312,990.4296875,-55.76171875,36.5234375,14,12,5.799916267,0.09159334749,7.321448803
476.4300014,-506.4416155,411.8630598,-0.001904296875,0.001220703125,0.003403320312,990.4296875,-55.76171875,36.5234375,14,12,5.770415783,0.09159334749,7.321448803
476.4300014,-506.4416155,411.8630598,-0.001904296875,0.001220703125,0.003403320312,990.4296875,-55.76171875,36.5234375,14,12,5.770415783,0.09159334749,7.321448803
476.4300014,-506.4416155,411.8630598,-0.001904296875,0.001220703125,0.003403320312,990.4296875,-55.76171875,36.5234375,14,12,5.772958755,0.09159334749,7.321448803
476.4300014,-506.4416155,411.8630598,-0.001904296875,0.001220703125,0.003403320312,990.4296875,-55.76171875,36.5234375,14,12,5.772958755,0.09159334749,7.321448803
476.4300014,-506.4416155,411.8630598,-0.001904296875,0.001220703125,0.003403320312,990.4296875,-55.76171875,36.5234375,14,12,5.790188789,0.09159334749,7.321448803
476.4300014,-506.4416155,411.8630598,-0.001904296875,0.001220703125,0.003403320312,990.4296875,-55.76171875,36.5234375,14,12,5.790188789,0.09159334749,7.321448803
476.4300014,-506.4416155,411.8630598,-0.001904296875,0.001220703125,0.003403320312,990.4296875,-55.76171875,36.5234375,14,12,5.791397095,0.09159334749,7.112158298
476.4300014,-506.4416155,411.8630598,-0.001904296875,0.001220703125,0.003403320312,990.4296875,-55.76171875,36.5234375,14,12,5.791397095,0.8254294991,7.112158298
476.4300014,-506.4416155,411.8630598,-0.001904296875,0.001220703125,0.003403320312,990.4296875,-55.76171875,36.5234375,14,12,5.774580479,0.8254294991,7.112158298
476.4300014,-506.4416155,411.8630598,-0.001904296875,0.001220703125,0.003403320312,990.4296875,-55.76171875,36.5234375,14,12,5.774580479,0.8254294991,7.112158298
476.4300014,-506.4416155,411.8630598,-0.001904296875,0.001220703125,0.003403320312,990.4296875,-55.76171875,36.5234375,14,12,5.769780636,0.8254294991,7.112158298
476.4300014,-506.4416155,411.8630598,-0.001904296875,0.001220703125,0.003403320312,990.4296875,-55.76171875,36.5234375,14,12,5.769780636,0.8254294991,7.112158298
476.4300014,-506.4416155,411.8630598,-0.001904296875,0.001220703125,0.003403320312,990.4296875,-55.76171875,36.5234375,14,12,5.78367281,0.8254294991,7.112158298
476.4300014,-506.4416155,411.8630598,-0.001904296875,0.001220703125,0.003403320312,990.4296875,-55.76171875,36.5234375,14,12,5.78367281,0.8254294991,7.112158298
476.4300014,-506.4416155,411.8630598,-0.001904296875,0.001220703125,0.003403320312,990.4296875,-55.76171875,36.5234375,14,12,5.802237511,0.8254294991,7.112158298
476.4300014,-506.4416155,411.8630598,-0.001904296875,0.001220703125,0.003403320312,990.4296875,-55.76171875,36.5234375,14,12,5.802237511,0.8254294991,7.112158298
476.4300014,-506.4416155,411.8630598,-0.001904296875,0.001220703125,0.003403320312,990.4296875,-55.76171875,36.5234375,14,12,5.782751083,0.8254294991,7.13392067
476.4300014,-506.4416155,411.8630598,-0.001904296875,0.001220703125,0.003403320312,990.4296875,-55.76171875,36.5234375,14,12,5.782751083,1.592683196,7.13392067
476.4300014,-506.4416155,411.8630598,-0.001904296875,0.001220703125,0.003403320312,990.4296875,-55.76171875,36.5234375,14,12,5.77661562,1.592683196,7.13392067
476.4300014,-506.4416155,411.8630598,-0.001904296875,0.001220703125,0.003403320312,990.4296875,-55.76171875,36.5234375,14,12,5.77661562,1.592683196,7.13392067
476.4300014,-506.4416155,411.8630598,-0.001904296875,0.001220703125,0.003403320312,990.4296875,-55.76171875,36.5234375,14,12,5.793178082,1.592683196,7.13392067
476.4300014,-506.4416155,411.8630598,-0.001904296875,0.001220703125,0.003403320312,990.4296875,-55.76171875,36.5234375,14,12,5.793178082,1.592683196,7.13392067
476.4300014,-506.4416155,411.8630598,-0.001904296875,0.001220703125,0.003403320312,990.4296875,-55.76171875,36.5234375,14,12,5.793050766,1.592683196,7.13392067
476.4300014,-506.4416155,411.8630598,-0.001904296875,0.001220703125,0.003403320312,990.4296875,-55.76171875,36.5234375,14,12,5.793050766,1.592683196,7.13392067
476.4300014,-506.4416155,411.8630598,-0.001904296875,0.001220703125,0.003403320312,990.4296875,-55.76171875,36.5234375,14,12,5.792255878,1.592683196,7.13392067
476.4300014,-506.4416155,411.8630598,-0.001904296875,0.001220703125,0.003403320312,990.4296875,-55.76171875,36.5234375,14,12,5.792255878,1.592683196,7.13392067
476.4300014,-506.4416155,411.8630598,-0.001904296875,0.001220703125,0.003403320312,990.4296875,-55.76171875,36.5234375,14,12,5.784117699,1.592683196,7.630641937
476.4300014,-506.4416155,411.8630598,-0.001904296875,0.001220703125,0.003403320312,990.4296875,-55.76171875,36.5234375,14,12,5.784117699,2.053153515,7.630641937
476.4716606,-506.4400481,411.8690177,-0.001391601563,0.001533203125,-0.003041992188,833.203125,31.34765625,119.140625,14,12,5.776647568,2.053153515,7.630641937
476.4716606,-506.4400481,411.8690177,-0.001391601563,0.001533203125,-0.003041992188,833.203125,31.34765625,119.140625,14,12,5.776647568,2.053153515,7.630641937
476.4716606,-506.4400481,411.8690177,-0.001391601563,0.001533203125,-0.003041992188,833.203125,31.34765625,119.140625,14,12,5.803223133,2.053153515,7.630641937
476.4716606,-506.4400481,411.8690177,-0.001391601563,0.001533203125,-0.003041992188,833.203125,31.34765625,119.140625,14,12,5.803223133,2.053153515,7.630641937
476.4716606,-506.4400481,411.8690177,-0.001391601563,0.001533203125,-0.003041992188,833.203125,31.34765625,119.140625,14,12,5.79842329,2.053153515,7.630641937
476.4716606,-506.4400481,411.8690177,-0.001391601563,0.001533203125,-0.003041992188,833.203125,31.34765625,119.140625,14,12,5.79842329,2.053153515,7.630641937
476.4716606,-506.4400481,411.8690177,-0.001391601563,0.001533203125,-0.003041992188,833.203125,31.34765625,119.140625,14,12,5.783609867,2.053153515,7.630641937
476.4716606,-506.4400481,411.8690177,-0.001391601563,0.001533203125,-0.003041992188,833.203125,31.34765625,119.140625,14,12,5.783609867,2.053153515,7.630641937
476.4716606,-506.4400481,411.8690177,-0.001391601563,0.001533203125,-0.003041992188,833.203125,31.34765625,119.140625,14,12,5.78281498,2.053153515,8.406393051
476.4716606,-506.4400481,411.8690177,-0.001391601563,0.001533203125,-0.003041992188,833.203125,31.34765625,119.140625,14,12,5.78281498,1.928413391,8.406393051
476.4716606,-506.4400481,411.8690177,-0.001391601563,0.001533203125,-0.003041992188,833.203125,31.34765625,119.140625,14,12,5.794704437,1.928413391,8.406393051
476.4716606,-506.4400481,411.8690177,-0.001391601563,0.001533203125,-0.003041992188,833.203125,31.34765625,119.140625,14,12,5.794704437,1.928413391,8.406393051
476.4716606,-506.4400481,411.8690177,-0.001391601563,0.001533203125,-0.003041992188,833.203125,31.34765625,119.140625,14,12,5.787234306,1.928413391,8.406393051
476.4716606,-506.4400481,411.8690177,-0.001391601563,0.001533203125,-0.003041992188,833.203125,31.34765625,119.140625,14,12,5.787234306,1.928413391,8.406393051
476.4716606,-506.4400481,411.8690177,-0.001391601563,0.001533203125,-0.003041992188,833.203125,31.34765625,119.140625,14,12,5.781766415,1.928413391,8.406393051
476.4716606,-506.4400481,411.8690177,-0.001391601563,0.001533203125,-0.003041992188,833.203125,31.34765625,119.140625,14,12,5.781766415,1.928413391,8.406393051
476.4716606,-506.4400481,411.8690177,-0.001391601563,0.001533203125,-0.003041992188,833.203125,31.34765625,119.140625,14,12,5.771625996,1.928413391,8.406393051
476.4716606,-506.4400481,411.8690177,-0.001391601563,0.001533203125,-0.003041992188,833.203125,31.34765625,119.140625,14,12,5.771625996,1.928413391,8.406393051
476.4716606,-506.4400481,411.8690177,-0.001391601563,0.001533203125,-0.003041992188,833.203125,31.34765625,119.140625,14,12,5.786852837,1.928413391,8.707120895
476.4716606,-506.4400481,411.8690177,-0.001391601563,0.001533203125,-0.003041992188,833.203125,31.34765625,119.140625,14,12,5.786852837,1.436409354,8.707120895
476.4716606,-506.4400481,411.8690177,-0.001391601563,0.001533203125,-0.003041992188,833.203125,31.34765625,119.140625,14,12,5.773374081,1.436409354,8.707120895
476.4716606,-506.4400481,411.8690177,-0.001391601563,0.001533203125,-0.003041992188,833.203125,31.34765625,119.140625,14,12,5.773374081,1.436409354,8.707120895
476.4716606,-506.4400481,411.8690177,-0.001391601563,0.001533203125,-0.003041992188,833.203125,31.34765625,119.140625,14,12,5.757893085,1.436409354,8.707120895
476.4716606,-506.4400481,411.8690177,-0.001391601563,0.001533203125,-0.003041992188,833.203125,31.34765625,119.140625,14,12,5.757893085,1.436409354,8.707120895
476.4716606,-506.4400481,411.8690177,-0.001391601563,0.001533203125,-0.003041992188,833.203125,31.34765625,119.140625,14,12,5.770449638,1.436409354,8.707120895
476.4716606,-506.4400481,411.8690177,-0.001391601563,0.001533203125,-0.003041992188,833.203125,31.34765625,119.140625,14,12,5.770449638,1.436409354,8.707120895
476.4716606,-506.4400481,411.8690177,-0.001391601563,0.001533203125,-0.003041992188,833.203125,31.34765625,119.140625,14,12,5.762311459,1.436409354,8.707120895
476.4716606,-506.4400481,411.8690177,-0.001391601563,0.001533203125,-0.003041992188,833.203125,31.34765625,119.140625,14,12,5.762311459,1.436409354,8.707120895
476.4716606,-506.4400481,411.8690177,-0.001391601563,0.001533203125,-0.003041992188,833.203125,31.34765625,119.140625,14,12,5.763519764,1.436409354,8.763624191
476.4716606,-506.4400481,411.8690177,-0.001391601563,0.001533203125,-0.003041992188,833.203125,31.34765625,119.140625,14,12,5.763519764,0.6406778097,8.763624191
476.5162935,-506.4378557,411.8630567,0.0033984375,-0.002392578125,-0.001616210938,892.6757813,43.84765625,-119.2382813,14,12,5.760054588,0.6406778097,8.763624191
476.5162935,-506.4378557,411.8630567,0.0033984375,-0.002392578125,-0.001616210938,892.6757813,43.84765625,-119.2382813,14,12,5.760054588,0.6406778097,8.763624191
476.5162935,-506.4378557,411.8630567,0.0033984375,-0.002392578125,-0.001616210938,892.6757813,43.84765625,-119.2382813,14,12,5.757256985,0.6406778097,8.763624191
476.5162935,-506.4378557,411.8630567,0.0033984375,-0.002392578125,-0.001616210938,892.6757813,43.84765625,-119.2382813,14,12,5.757256985,0.6406778097,8.763624191
476.5162935,-506.4378557,411.8630567,0.0033984375,-0.002392578125,-0.001616210938,892.6757813,43.84765625,-119.2382813,14,12,5.75512743,0.6406778097,8.763624191
476.5162935,-506.4378557,411.8630567,0.0033984375,-0.002392578125,-0.001616210938,892.6757813,43.84765625,-119.2382813,14,12,5.75512743,0.6406778097,8.763624191
476.5162935,-506.4378557,411.8630567,0.0033984375,-0.002392578125,-0.001616210938,892.6757813,43.84765625,-119.2382813,14,12,5.747657299,0.6406778097,8.763624191
476.5162935,-506.4378557,411.8630567,0.0033984375,-0.002392578125,-0.001616210938,892.6757813,43.84765625,-119.2382813,14,12,5.747657299,0.6406778097,8.763624191
476.5162935,-506.4378557,411.8630567,0.0033984375,-0.002392578125,-0.001616210938,892.6757813,43.84765625,-119.2382813,14,12,5.743525028,0.6406778097,8.545968056
476.5162935,-506.4378557,411.8630567,0.0033984375,-0.002392578125,-0.001616210938,892.6757813,43.84765625,-119.2382813,14,12,5.743525028,0.008473902941,8.545968056
476.5162935,-506.4378557,411.8630567,0.0033984375,-0.002392578125,-0.001616210938,892.6757813,43.84765625,-119.2382813,14,12,5.748738289,0.008473902941,8.545968056
476.5162935,-506.4378557,411.8630567,0.0033984375,-0.002392578125,-0.001616210938,892.6757813,43.84765625,-119.2382813,14,12,5.748738289,0.008473902941,8.545968056
476.5162935,-506.4378557,411.8630567,0.0033984375,-0.002392578125,-0.001616210938,892.6757813,43.84765625,-119.2382813,14,12,5.75194931,0.008473902941,8.545968056
476.5162935,-506.4378557,411.8630567,0.0033984375,-0.002392578125,-0.001616210938,892.6757813,43.84765625,-119.2382813,14,12,5.75194931,0.008473902941,8.545968056
476.5162935,-506.4378557,411.8630567,0.0033984375,-0.002392578125,-0.001616210938,892.6757813,43.84765625,-119.2382813,14,12,5.741808891,0.008473902941,8.545968056
476.5162935,-506.4378557,411.8630567,0.0033984375,-0.002392578125,-0.001616210938,892.6757813,43.84765625,-119.2382813,14,12,5.741808891,0.008473902941,8.545968056
476.5162935,-506.4378557,411.8630567,0.0033984375,-0.002392578125,-0.001616210938,892.6757813,43.84765625,-119.2382813,14,12,5.737009048,0.008473902941,8.545968056
476.5162935,-506.4378557,411.8630567,0.0033984375,-0.002392578125,-0.001616210938,892.6757813,43.84765625,-119.2382813,14,12,5.737009048,0.008473902941,8.545968056
476.5162935,-506.4378557,411.8630567,0.0033984375,-0.002392578125,-0.001616210938,892.6757813,43.84765625,-119.2382813,14,12,5.756241798,0.008473902941,7.853131294
476.5162935,-506.4378557,411.8630567,0.0033984375,-0.002392578125,-0.001616210938,892.6757813,43.84765625,-119.2382813,14,12,5.756241798,0.1853110492,7.853131294
476.5162935,-506.4378557,411.8630567,0.0033984375,-0.002392578125,-0.001616210938,892.6757813,43.84765625,-119.2382813,14,12,5.756782532,0.1853110492,7.853131294
476.5162935,-506.4378557,411.8630567,0.0033984375,-0.002392578125,-0.001616210938,892.6757813,43.84765625,-119.2382813,14,12,5.756782532,0.1853110492,7.853131294
476.5162935,-506.4378557,411.8630567,0.0033984375,-0.002392578125,-0.001616210938,892.6757813,43.84765625,-119.2382813,14,12,5.746642113,0.1853110492,7.853131294
476.5162935,-506.4378557,411.8630567,0.0033984375,-0.002392578125,-0.001616210938,892.6757813,43.84765625,-119.2382813,14,12,5.746642113,0.1853110492,7.853131294
476.5162935,-506.4378557,411.8630567,0.0033984375,-0.002392578125,-0.001616210938,892.6757813,43.84765625,-119.2382813,14,12,5.745847225,0.1853110492,7.853131294
476.5162935,-506.4378557,411.8630567,0.0033984375,-0.002392578125,-0.001616210938,892.6757813,43.84765625,-119.2382813,14,12,5.745847225,0.1853110492,7.853131294
476.5162935,-506.4378557,411.8630567,0.0033984375,-0.002392578125,-0.001616210938,892.6757813,43.84765625,-119.2382813,14,12,5.75907135,0.1853110492,7.853131294
476.5162935,-506.4378557,411.8630567,0.0033984375,-0.002392578125,-0.001616210938,892.6757813,43.84765625,-119.2382813,14,12,5.75907135,0.1853110492,7.853131294
476.5162935,-506.4378557,411.8630567,0.0033984375,-0.002392578125,-0.001616210938,892.6757813,43.84765625,-119.2382813,14,12,5.773631096,0.1853110492,7.238493919
476.5162935,-506.4378557,411.8630567,0.0033984375,-0.002392578125,-0.001616210938,892.6757813,43.84765625,-119.2382813,14,12,5.773631096,0.03149122745,7.238493919
476.5665807,-506.4412591,411.8619834,-0.00087890625,0.000380859375,0.003325195312,1005.761719,-68.06640625,-21.484375,14,12,5.758150101,0.03149122745,7.238493919
476.5665807,-506.4412591,411.8619834,-0.00087890625,0.000380859375,0.003325195312,1005.761719,-68.06640625,-21.484375,14,12,5.758150101,0.03149122745,7.238493919
476.5665807,-506.4412591,411.8619834,-0.00087890625,0.000380859375,0.003325195312,1005.761719,-68.06640625,-21.484375,14,12,5.758690834,0.03149122745,7.238493919
476.5665807,-506.4412591,411.8619834,-0.00087890625,0.000380859375,0.003325195312,1005.761719,-68.06640625,-21.484375,14,12,5.758690834,0.03149122745,7.238493919
476.5665807,-506.4412591,411.8619834,-0.00087890625,0.000380859375,0.003325195312,1005.761719,-68.06640625,-21.484375,14,12,5.777923584,0.03149122745,7.238493919
476.5665807,-506.4412591,411.8619834,-0.00087890625,0.000380859375,0.003325195312,1005.761719,-68.06640625,-21.484375,14,12,5.777923584,0.03149122745,7.238493919
476.5665807,-506.4412591,411.8619834,-0.00087890625,0.000380859375,0.003325195312,1005.761719,-68.06640625,-21.484375,14,12,5.788477421,0.03149122745,7.238493919
476.5665807,-506.4412591,411.8619834,-0.00087890625,0.000380859375,0.003325195312,1005.761719,-68.06640625,-21.484375,14,12,5.788477421,0.03149122745,7.238493919
476.5665807,-506.4412591,411.8619834,-0.00087890625,0.000380859375,0.003325195312,1005.761719,-68.06640625,-21.484375,14,12,5.785012245,0.03149122745,6.846350193
476.5665807,-506.4412591,411.8619834,-0.00087890625,0.000380859375,0.003325195312,1005.761719,-68.06640625,-21.484375,14,12,5.785012245,0.5788561106,6.846350193
476.5665807,-506.4412591,411.8619834,-0.00087890625,0.000380859375,0.003325195312,1005.761719,-68.06640625,-21.484375,14,12,5.779544353,0.5788561106,6.846350193
476.5665807,-506.4412591,411.8619834,-0.00087890625,0.000380859375,0.003325195312,1005.761719,-68.06640625,-21.484375,14,12,5.779544353,0.5788561106,6.846350193
476.5665807,-506.4412591,411.8619834,-0.00087890625,0.000380859375,0.003325195312,1005.761719,-68.06640625,-21.484375,14,12,5.793436527,0.5788561106,6.846350193
476.5665807,-506.4412591,411.8619834,-0.00087890625,0.000380859375,0.003325195312,1005.761719,-68.06640625,-21.484375,14,12,5.793436527,0.5788561106,6.846350193
476.5665807,-506.4412591,411.8619834,-0.00087890625,0.000380859375,0.003325195312,1005.761719,-68.06640625,-21.484375,14,12,5.80933094,0.5788561106,6.846350193
476.5665807,-506.4412591,411.8619834,-0.00087890625,0.000380859375,0.003325195312,1005.761719,-68.06640625,-21.484375,14,12,5.80933094,0.5788561106,6.846350193
476.5665807,-506.4412591,411.8619834,-0.00087890625,0.000380859375,0.003325195312,1005.761719,-68.06640625,-21.484375,14,12,5.811206341,0.5788561106,6.846350193
476.5665807,-506.4412591,411.8619834,-0.00087890625,0.000380859375,0.003325195312,1005.761719,-68.06640625,-21.484375,14,12,5.811206341,0.5788561106,6.846350193
476.5665807,-506.4412591,411.8619834,-0.00087890625,0.000380859375,0.003325195312,1005.761719,-68.06640625,-21.484375,14,12,5.799063206,0.5788561106,6.929347038
476.5665807,-506.4412591,411.8619834,-0.00087890625,0.000380859375,0.003325195312,1005.761719,-68.06640625,-21.484375,14,12,5.799063206,1.467414379,6.929347038
476.5665807,-506.4412591,411.8619834,-0.00087890625,0.000380859375,0.003325195312,1005.761719,-68.06640625,-21.484375,14,12,5.806946754,1.467414379,6.929347038
476.5665807,-506.4412591,411.8619834,-0.00087890625,0.000380859375,0.003325195312,1005.761719,-68.06640625,-21.484375,14,12,5.806946754,1.467414379,6.929347038
476.5665807,-506.4412591,411.8619834,-0.00087890625,0.000380859375,0.003325195312,1005.761719,-68.06640625,-21.484375,14,12,5.826847076,1.467414379,6.929347038
476.5665807,-506.4412591,411.8619834,-0.00087890625,0.000380859375,0.003325195312,1005.761719,-68.06640625,-21.484375,14,12,5.826847076,1.467414379,6.929347038
476.5665807,-506.4412591,411.8619834,-0.00087890625,0.000380859375,0.003325195312,1005.761719,-68.06640625,-21.484375,14,12,5.832728386,1.467414379,6.929347038
476.5665807,-506.4412591,411.8619834,-0.00087890625,0.000380859375,0.003325195312,1005.761719,-68.06640625,-21.484375,14,12,5.832728386,1.467414379,6.929347038
476.5665807,-506.4412591,411.8619834,-0.00087890625,0.000380859375,0.003325195312,1005.761719,-68.06640625,-21.484375,14,12,5.823255539,1.467414379,6.929347038
476.5665807,-506.4412591,411.8619834,-0.00087890625,0.000380859375,0.003325195312,1005.761719,-68.06640625,-21.484375,14,12,5.823255539,1.467414379,6.929347038
476.5665807,-506.4412591,411.8619834,-0.00087890625,0.000380859375,0.003325195312,1005.761719,-68.06640625,-21.484375,14,12,5.82980442,1.467414379,7.377972603
476.5665807,-506.4412591,411.8619834,-0.00087890625,0.000380859375,0.003325195312,1005.761719,-68.06640625,-21.484375,14,12,5.82980442,2.054682255,7.377972603
476.6098415,-506.4407805,411.8677509,-0.002114257813,0.001879882813,-0.001459960938,865.234375,9.5703125,115.3320313,14,12,5.838356018,2.054682255,7.377972603
476.6098415,-506.4407805,411.8677509,-0.002114257813,0.001879882813,-0.001459960938,865.234375,9.5703125,115.3320313,14,12,5.838356018,2.054682255,7.377972603
476.6098415,-506.4407805,411.8677509,-0.002114257813,0.001879882813,-0.001459960938,865.234375,9.5703125,115.3320313,14,12,5.853582859,2.054682255,7.377972603
476.6098415,-506.4407805,411.8677509,-0.002114257813,0.001879882813,-0.001459960938,865.234375,9.5703125,115.3320313,14,12,5.853582859,2.054682255,7.377972603
476.6098415,-506.4407805,411.8677509,-0.002114257813,0.001879882813,-0.001459960938,865.234375,9.5703125,115.3320313,14,12,5.84344244,2.054682255,7.377972603
476.6098415,-506.4407805,411.8677509,-0.002114257813,0.001879882813,-0.001459960938,865.234375,9.5703125,115.3320313,14,12,5.84344244,2.054682255,7.377972603
476.6098415,-506.4407805,411.8677509,-0.002114257813,0.001879882813,-0.001459960938,865.234375,9.5703125,115.3320313,14,12,5.837974548,2.054682255,7.377972603
476.6098415,-506.4407805,411.8677509,-0.002114257813,0.001879882813,-0.001459960938,865.234375,9.5703125,115.3320313,14,12,5.837974548,2.054682255,7.377972603
476.6098415,-506.4407805,411.8677509,-0.002114257813,0.001879882813,-0.001459960938,865.234375,9.5703125,115.3320313,14,12,5.852534294,2.054682255,8.07079792
476.6098415,-506.4407805,411.8677509,-0.002114257813,0.001879882813,-0.001459960938,865.234375,9.5703125,115.3320313,14,12,5.852534294,2.020217657,8.07079792
476.6098415,-506.4407805,411.8677509,-0.002114257813,0.001879882813,-0.001459960938,865.234375,9.5703125,115.3320313,14,12,5.861753464,2.020217657,8.07079792
476.6098415,-506.4407805,411.8677509,-0.002114257813,0.001879882813,-0.001459960938,865.234375,9.5703125,115.3320313,14,12,5.861753464,2.020217657,8.07079792
476.6098415,-506.4407805,411.8677509,-0.002114257813,0.001879882813,-0.001459960938,865.234375,9.5703125,115.3320313,14,12,5.856285572,2.020217657,8.07079792
476.6098415,-506.4407805,411.8677509,-0.002114257813,0.001879882813,-0.001459960938,865.234375,9.5703125,115.3320313,14,12,5.856285572,2.020217657,8.07079792
476.6098415,-506.4407805,411.8677509,-0.002114257813,0.001879882813,-0.001459960938,865.234375,9.5703125,115.3320313,14,12,5.846145153,2.020217657,8.07079792
476.6098415,-506.4407805,411.8677509,-0.002114257813,0.001879882813,-0.001459960938,865.234375,9.5703125,115.3320313,14,12,5.846145153,2.020217657,8.07079792
476.6098415,-506.4407805,411.8677509,-0.002114257813,0.001879882813,-0.001459960938,865.234375,9.5703125,115.3320313,14,12,5.857367039,2.020217657,8.07079792
476.6098415,-506.4407805,411.8677509,-0.002114257813,0.001879882813,-0.001459960938,865.234375,9.5703125,115.3320313,14,12,5.857367039,2.020217657,8.07079792
476.6098415,-506.4407805,411.8677509,-0.002114257813,0.001879882813,-0.001459960938,865.234375,9.5703125,115.3320313,14,12,5.859242439,2.020217657,8.532681465
476.6098415,-506.4407805,411.8677509,-0.002114257813,0.001879882813,-0.001459960938,865.234375,9.5703125,115.3320313,14,12,5.859242439,1.639526963,8.532681465
476.6098415,-506.4407805,411.8677509,-0.002114257813,0.001879882813,-0.001459960938,865.234375,9.5703125,115.3320313,14,12,5.853774548,1.639526963,8.532681465
476.6098415,-506.4407805,411.8677509,-0.002114257813,0.001879882813,-0.001459960938,865.234375,9.5703125,115.3320313,14,12,5.853774548,1.639526963,8.532681465
476.6098415,-506.4407805,411.8677509,-0.002114257813,0.001879882813,-0.001459960938,865.234375,9.5703125,115.3320313,14,12,5.852312565,1.639526963,8.532681465
476.6098415,-506.4407805,411.8677509,-0.002114257813,0.001879882813,-0.001459960938,865.234375,9.5703125,115.3320313,14,12,5.852312565,1.639526963,8.532681465
476.6098415,-506.4407805,411.8677509,-0.002114257813,0.001879882813,-0.001459960938,865.234375,9.5703125,115.3320313,14,12,5.844174385,1.639526963,8.532681465
476.6098415,-506.4407805,411.8677509,-0.002114257813,0.001879882813,-0.001459960938,865.234375,9.5703125,115.3320313,14,12,5.844174385,1.639526963,8.532681465
476.6098415,-506.4407805,411.8677509,-0.002114257813,0.001879882813,-0.001459960938,865.234375,9.5703125,115.3320313,14,12,5.847385406,1.639526963,8.532681465
476.6098415,-506.4407805,411.8677509,-0.002114257813,0.001879882813,-0.001459960938,865.234375,9.5703125,115.3320313,14,12,5.847385406,1.639526963,8.532681465
476.6098415,-506.4407805,411.8677509,-0.002114257813,0.001879882813,-0.001459960938,865.234375,9.5703125,115.3320313,14,12,5.841249943,1.639526963,8.77691555
476.6098415,-506.4407805,411.8677509,-0.002114257813,0.001879882813,-0.001459960938,865.234375,9.5703125,115.3320313,14,12,5.841249943,0.8671174645,8.77691555
476.6529216,-506.4377337,411.8631083,0.002885742188,-0.001875,-0.001733398437,861.6210938,60.9375,-92.87109375,14,12,5.830441475,0.8671174645,8.77691555
476.6529216,-506.4377337,411.8631083,0.002885742188,-0.001875,-0.001733398437,861.6210938,60.9375,-92.87109375,14,12,5.830441475,0.8671174645,8.77691555
476.6529216,-506.4377337,411.8631083,0.002885742188,-0.001875,-0.001733398437,861.6210938,60.9375,-92.87109375,14,12,5.84032774,0.8671174645,8.77691555
476.6529216,-506.4377337,411.8631083,0.002885742188,-0.001875,-0.001733398437,861.6210938,60.9375,-92.87109375,14,12,5.84032774,0.8671174645,8.77691555
476.6529216,-506.4377337,411.8631083,0.002885742188,-0.001875,-0.001733398437,861.6210938,60.9375,-92.87109375,14,12,5.824846745,0.8671174645,8.77691555
476.6529216,-506.4377337,411.8631083,0.002885742188,-0.001875,-0.001733398437,861.6210938,60.9375,-92.87109375,14,12,5.824846745,0.8671174645,8.77691555
476.6529216,-506.4377337,411.8631083,0.002885742188,-0.001875,-0.001733398437,861.6210938,60.9375,-92.87109375,14,12,5.809365749,0.8671174645,8.77691555
476.6529216,-506.4377337,411.8631083,0.002885742188,-0.001875,-0.001733398437,861.6210938,60.9375,-92.87109375,14,12,5.809365749,0.8671174645,8.77691555
476.6529216,-506.4377337,411.8631083,0.002885742188,-0.001875,-0.001733398437,861.6210938,60.9375,-92.87109375,14,12,5.813911438,0.8671174645,8.602450371
476.6529216,-506.4377337,411.8631083,0.002885742188,-0.001875,-0.001733398437,861.6210938,60.9375,-92.87109375,14,12,5.813911438,0.1640204638,8.602450371
476.6529216,-506.4377337,411.8631083,0.002885742188,-0.001875,-0.001733398437,861.6210938,60.9375,-92.87109375,14,12,5.816454411,0.1640204638,8.602450371
476.6529216,-506.4377337,411.8631083,0.002885742188,-0.001875,-0.001733398437,861.6210938,60.9375,-92.87109375,14,12,5.816454411,0.1640204638,8.602450371
476.6529216,-506.4377337,411.8631083,0.002885742188,-0.001875,-0.001733398437,861.6210938,60.9375,-92.87109375,14,12,5.806313992,0.1640204638,8.602450371
476.6529216,-506.4377337,411.8631083,0.002885742188,-0.001875,-0.001733398437,861.6210938,60.9375,-92.87109375,14,12,5.806313992,0.1640204638,8.602450371
476.6529216,-506.4377337,411.8631083,0.002885742188,-0.001875,-0.001733398437,861.6210938,60.9375,-92.87109375,14,12,5.802181721,0.1640204638,8.602450371
476.6529216,-506.4377337,411.8631083,0.002885742188,-0.001875,-0.001733398437,861.6210938,60.9375,-92.87109375,14,12,5.802181721,0.1640204638,8.602450371
476.6529216,-506.4377337,411.8631083,0.002885742188,-0.001875,-0.001733398437,861.6210938,60.9375,-92.87109375,14,12,5.796046257,0.1640204638,8.602450371
476.6529216,-506.4377337,411.8631083,0.002885742188,-0.001875,-0.001733398437,861.6210938,60.9375,-92.87109375,14,12,5.796046257,0.1640204638,8.602450371
476.6529216,-506.4377337,411.8631083,0.002885742188,-0.001875,-0.001733398437,861.6210938,60.9375,-92.87109375,14,12,5.801927567,0.1640204638,8.162241936
476.6529216,-506.4377337,411.8631083,0.002885742188,-0.001875,-0.001733398437,861.6210938,60.9375,-92.87109375,14,12,5.801927567,0.2075345814,8.162241936
476.6529216,-506.4377337,411.8631083,0.002885742188,-0.001875,-0.001733398437,861.6210938,60.9375,-92.87109375,14,12,5.795125008,0.2075345814,8.162241936
476.6529216,-506.4377337,411.8631083,0.002885742188,-0.001875,-0.001733398437,861.6210938,60.9375,-92.87109375,14,12,5.795125008,0.2075345814,8.162241936
476.6529216,-506.4377337,411.8631083,0.002885742188,-0.001875,-0.001733398437,861.6210938,60.9375,-92.87109375,14,12,5.786319256,0.2075345814,8.162241936
476.6529216,-506.4377337,411.8631083,0.002885742188,-0.001875,-0.001733398437,861.6210938,60.9375,-92.87109375,14,12,5.786319256,0.2075345814,8.162241936
476.6529216,-506.4377337,411.8631083,0.002885742188,-0.001875,-0.001733398437,861.6210938,60.9375,-92.87109375,14,12,5.786859989,0.2075345814,8.162241936
476.6529216,-506.4377337,411.8631083,0.002885742188,-0.001875,-0.001733398437,861.6210938,60.9375,-92.87109375,14,12,5.786859989,0.2075345814,8.162241936
476.6529216,-506.4377337,411.8631083,0.002885742188,-0.001875,-0.001733398437,861.6210938,60.9375,-92.87109375,14,12,5.804090023,0.2075345814,8.162241936
476.6529216,-506.4377337,411.8631083,0.002885742188,-0.001875,-0.001733398437,861.6210938,60.9375,-92.87109375,14,12,5.804090023,0.2075345814,8.162241936
476.6529216,-506.4377337,411.8631083,0.002885742188,-0.001875,-0.001733398437,861.6210938,60.9375,-92.87109375,14,12,5.786606312,0.2075345814,7.713561058
476.6529216,-506.4377337,411.8631083,0.002885742188,-0.001875,-0.001733398437,861.6210938,60.9375,-92.87109375,14,12,5.786606312,0.2779382467,7.713561058
476.7027498,-506.4415276,411.8613025,9.765625e-05,0.0002197265625,0.004267578125,996.5820312,-75.87890625,-36.1328125,14,12,5.77780056,0.2779382467,7.713561058
476.7027498,-506.4415276,411.8613025,9.765625e-05,0.0002197265625,0.004267578125,996.5820312,-75.87890625,-36.1328125,14,12,5.77780056,0.2779382467,7.713561058
476.7027498,-506.4415276,411.8613025,9.765625e-05,0.0002197265625,0.004267578125,996.5820312,-75.87890625,-36.1328125,14,12,5.780343533,0.2779382467,7.713561058
476.7027498,-506.4415276,411.8613025,9.765625e-05,0.0002197265625,0.004267578125,996.5820312,-75.87890625,-36.1328125,14,12,5.780343533,0.2779382467,7.713561058
476.7027498,-506.4415276,411.8613025,9.765625e-05,0.0002197265625,0.004267578125,996.5820312,-75.87890625,-36.1328125,14,12,5.784889221,0.2779382467,7.713561058
476.7027498,-506.4415276,411.8613025,9.765625e-05,0.0002197265625,0.004267578125,996.5820312,-75.87890625,-36.1328125,14,12,5.784889221,0.2779382467,7.713561058
476.7027498,-506.4415276,411.8613025,9.765625e-05,0.0002197265625,0.004267578125,996.5820312,-75.87890625,-36.1328125,14,12,5.793440819,0.2779382467,7.713561058
476.7027498,-506.4415276,411.8613025,9.765625e-05,0.0002197265625,0.004267578125,996.5820312,-75.87890625,-36.1328125,14,12,5.793440819,0.2779382467,7.713561058
476.7027498,-506.4415276,411.8613025,9.765625e-05,0.0002197265625,0.004267578125,996.5820312,-75.87890625,-36.1328125,14,12,5.768613815,0.2779382467,7.112157822
476.7027498,-506.4415276,411.8613025,9.765625e-05,0.0002197265625,0.004267578125,996.5820312,-75.87890625,-36.1328125,14,12,5.768613815,0.1292431951,7.112157822
476.7027498,-506.4415276,411.8613025,9.765625e-05,0.0002197265625,0.004267578125,996.5820312,-75.87890625,-36.1328125,14,12,5.773159504,0.1292431951,7.112157822
476.7027498,-506.4415276,411.8613025,9.765625e-05,0.0002197265625,0.004267578125,996.5820312,-75.87890625,-36.1328125,14,12,5.773159504,0.1292431951,7.112157822
476.7027498,-506.4415276,411.8613025,9.765625e-05,0.0002197265625,0.004267578125,996.5820312,-75.87890625,-36.1328125,14,12,5.779708385,0.1292431951,7.112157822
476.7027498,-506.4415276,411.8613025,9.765625e-05,0.0002197265625,0.004267578125,996.5820312,-75.87890625,-36.1328125,14,12,5.779708385,0.1292431951,7.112157822
476.7027498,-506.4415276,411.8613025,9.765625e-05,0.0002197265625,0.004267578125,996.5820312,-75.87890625,-36.1328125,14,12,5.780249119,0.1292431951,7.112157822
476.7027498,-506.4415276,411.8613025,9.765625e-05,0.0002197265625,0.004267578125,996.5820312,-75.87890625,-36.1328125,14,12,5.780249119,0.1292431951,7.112157822
476.7027498,-506.4415276,411.8613025,9.765625e-05,0.0002197265625,0.004267578125,996.5820312,-75.87890625,-36.1328125,14,12,5.774113655,0.1292431951,7.112157822
476.7027498,-506.4415276,411.8613025,9.765625e-05,0.0002197265625,0.004267578125,996.5820312,-75.87890625,-36.1328125,14,12,5.774113655,0.1292431951,7.112157822
476.7027498,-506.4415276,411.8613025,9.765625e-05,0.0002197265625,0.004267578125,996.5820312,-75.87890625,-36.1328125,14,12,5.766643524,0.1292431951,7.007557869
476.7027498,-506.4415276,411.8613025,9.765625e-05,0.0002197265625,0.004267578125,996.5820312,-75.87890625,-36.1328125,14,12,5.766643524,1.025296688,7.007557869
476.7027498,-506.4415276,411.8613025,9.765625e-05,0.0002197265625,0.004267578125,996.5820312,-75.87890625,-36.1328125,14,12,5.776529789,1.025296688,7.007557869
476.7027498,-506.4415276,411.8613025,9.765625e-05,0.0002197265625,0.004267578125,996.5820312,-75.87890625,-36.1328125,14,12,5.776529789,1.025296688,7.007557869
476.7027498,-506.4415276,411.8613025,9.765625e-05,0.0002197265625,0.004267578125,996.5820312,-75.87890625,-36.1328125,14,12,5.796430111,1.025296688,7.007557869
476.7027498,-506.4415276,411.8613025,9.765625e-05,0.0002197265625,0.004267578125,996.5820312,-75.87890625,-36.1328125,14,12,5.796430111,1.025296688,7.007557869
476.7027498,-506.4415276,411.8613025,9.765625e-05,0.0002197265625,0.004267578125,996.5820312,-75.87890625,-36.1328125,14,12,5.783619404,1.025296688,7.007557869
476.7027498,-506.4415276,411.8613025,9.765625e-05,0.0002197265625,0.004267578125,996.5820312,-75.87890625,-36.1328125,14,12,5.783619404,1.025296688,7.007557869
476.7027498,-506.4415276,411.8613025,9.765625e-05,0.0002197265625,0.004267578125,996.5820312,-75.87890625,-36.1328125,14,12,5.771476269,1.025296688,7.007557869
476.7027498,-506.4415276,411.8613025,9.765625e-05,0.0002197265625,0.004267578125,996.5820312,-75.87890625,-36.1328125,14,12,5.771476269,1.025296688,7.007557869
476.7027498,-506.4415276,411.8613025,9.765625e-05,0.0002197265625,0.004267578125,996.5820312,-75.87890625,-36.1328125,14,12,5.786036015,1.025296688,7.34309864
476.7027498,-506.4415276,411.8613025,9.765625e-05,0.0002197265625,0.004267578125,996.5820312,-75.87890625,-36.1328125,14,12,5.786036015,1.694448352,7.34309864
476.7464647,-506.4411467,411.8682663,-0.001806640625,0.00212890625,-0.001552734375,874.3164063,7.6171875,139.2578125,14,12,5.784574032,1.694448352,7.34309864
476.7464647,-506.4411467,411.8682663,-0.001806640625,0.00212890625,-0.001552734375,874.3164063,7.6171875,139.2578125,14,12,5.784574032,1.694448352,7.34309864
476.7464647,-506.4411467,411.8682663,-0.001806640625,0.00212890625,-0.001552734375,874.3164063,7.6171875,139.2578125,14,12,5.786449432,1.694448352,7.34309864
476.7464647,-506.4411467,411.8682663,-0.001806640625,0.00212890625,-0.001552734375,874.3164063,7.6171875,139.2578125,14,12,5.786449432,1.694448352,7.34309864
476.7464647,-506.4411467,411.8682663,-0.001806640625,0.00212890625,-0.001552734375,874.3164063,7.6171875,139.2578125,14,12,5.778311253,1.694448352,7.34309864
476.7464647,-506.4411467,411.8682663,-0.001806640625,0.00212890625,-0.001552734375,874.3164063,7.6171875,139.2578125,14,12,5.778311253,1.694448352,7.34309864
476.7464647,-506.4411467,411.8682663,-0.001806640625,0.00212890625,-0.001552734375,874.3164063,7.6171875,139.2578125,14,12,5.772843361,1.694448352,7.34309864
476.7464647,-506.4411467,411.8682663,-0.001806640625,0.00212890625,-0.001552734375,874.3164063,7.6171875,139.2578125,14,12,5.772843361,1.694448352,7.34309864
476.7464647,-506.4411467,411.8682663,-0.001806640625,0.00212890625,-0.001552734375,874.3164063,7.6171875,139.2578125,14,12,5.793410778,1.694448352,7.966172695
476.7464647,-506.4411467,411.8682663,-0.001806640625,0.00212890625,-0.001552734375,874.3164063,7.6171875,139.2578125,14,12,5.793410778,1.940979838,7.966172695
476.7464647,-506.4411467,411.8682663,-0.001806640625,0.00212890625,-0.001552734375,874.3164063,7.6171875,139.2578125,14,12,5.791948795,1.940979838,7.966172695
476.7464647,-506.4411467,411.8682663,-0.001806640625,0.00212890625,-0.001552734375,874.3164063,7.6171875,139.2578125,14,12,5.791948795,1.940979838,7.966172695
476.7464647,-506.4411467,411.8682663,-0.001806640625,0.00212890625,-0.001552734375,874.3164063,7.6171875,139.2578125,14,12,5.781808376,1.940979838,7.966172695
476.7464647,-506.4411467,411.8682663,-0.001806640625,0.00212890625,-0.001552734375,874.3164063,7.6171875,139.2578125,14,12,5.781808376,1.940979838,7.966172695
476.7464647,-506.4411467,411.8682663,-0.001806640625,0.00212890625,-0.001552734375,874.3164063,7.6171875,139.2578125,14,12,5.790359974,1.940979838,7.966172695
476.7464647,-506.4411467,411.8682663,-0.001806640625,0.00212890625,-0.001552734375,874.3164063,7.6171875,139.2578125,14,12,5.790359974,1.940979838,7.966172695
476.7464647,-506.4411467,411.8682663,-0.001806640625,0.00212890625,-0.001552734375,874.3164063,7.6171875,139.2578125,14,12,5.791568279,1.940979838,7.966172695
476.7464647,-506.4411467,411.8682663,-0.001806640625,0.00212890625,-0.001552734375,874.3164063,7.6171875,139.2578125,14,12,5.791568279,1.940979838,7.966172695
476.7464647,-506.4411467,411.8682663,-0.001806640625,0.00212890625,-0.001552734375,874.3164063,7.6171875,139.2578125,14,12,5.794111252,1.940979838,8.476176262
476.7464647,-506.4411467,411.8682663,-0.001806640625,0.00212890625,-0.001552734375,874.3164063,7.6171875,139.2578125,14,12,5.794111252,1.800104737,8.476176262
476.7464647,-506.4411467,411.8682663,-0.001806640625,0.00212890625,-0.001552734375,874.3164063,7.6171875,139.2578125,14,12,5.783970833,1.800104737,8.476176262
476.7464647,-506.4411467,411.8682663,-0.001806640625,0.00212890625,-0.001552734375,874.3164063,7.6171875,139.2578125,14,12,5.783970833,1.800104737,8.476176262
476.7464647,-506.4411467,411.8682663,-0.001806640625,0.00212890625,-0.001552734375,874.3164063,7.6171875,139.2578125,14,12,5.767154217,1.800104737,8.476176262
476.7464647,-506.4411467,411.8682663,-0.001806640625,0.00212890625,-0.001552734375,874.3164063,7.6171875,139.2578125,14,12,5.767154217,1.800104737,8.476176262
476.7464647,-506.4411467,411.8682663,-0.001806640625,0.00212890625,-0.001552734375,874.3164063,7.6171875,139.2578125,14,12,5.777708054,1.800104737,8.476176262
476.7464647,-506.4411467,411.8682663,-0.001806640625,0.00212890625,-0.001552734375,874.3164063,7.6171875,139.2578125,14,12,5.777708054,1.800104737,8.476176262
476.7464647,-506.4411467,411.8682663,-0.001806640625,0.00212890625,-0.001552734375,874.3164063,7.6171875,139.2578125,14,12,5.77491045,1.800104737,8.476176262
476.7464647,-506.4411467,411.8682663,-0.001806640625,0.00212890625,-0.001552734375,874.3164063,7.6171875,139.2578125,14,12,5.77491045,1.800104737,8.476176262
476.7464647,-506.4411467,411.8682663,-0.001806640625,0.00212890625,-0.001552734375,874.3164063,7.6171875,139.2578125,14,12,5.76343441,1.800104737,8.742017746
476.7464647,-506.4411467,411.8682663,-0.001806640625,0.00212890625,-0.001552734375,874.3164063,7.6171875,139.2578125,14,12,5.76343441,1.148766041,8.742017746
476.7883486,-506.4372551,411.8650153,0.003012695313,-0.001884765625,-0.003623046875,837.6953125,77.83203125,-65.0390625,14,12,5.760636806,1.148766041,8.742017746
476.7883486,-506.4372551,411.8650153,0.003012695313,-0.001884765625,-0.003623046875,837.6953125,77.83203125,-65.0390625,14,12,5.760636806,1.148766041,8.742017746
476.7883486,-506.4372551,411.8650153,0.003012695313,-0.001884765625,-0.003623046875,837.6953125,77.83203125,-65.0390625,14,12,5.76117754,1.148766041,8.742017746
476.7883486,-506.4372551,411.8650153,0.003012695313,-0.001884765625,-0.003623046875,837.6953125,77.83203125,-65.0390625,14,12,5.76117754,1.148766041,8.742017746
476.7883486,-506.4372551,411.8650153,0.003012695313,-0.001884765625,-0.003623046875,837.6953125,77.83203125,-65.0390625,14,12,5.757045269,1.148766041,8.742017746
476.7883486,-506.4372551,411.8650153,0.003012695313,-0.001884765625,-0.003623046875,837.6953125,77.83203125,-65.0390625,14,12,5.757045269,1.148766041,8.742017746
476.7883486,-506.4372551,411.8650153,0.003012695313,-0.001884765625,-0.003623046875,837.6953125,77.83203125,-65.0390625,14,12,5.748907089,1.148766041,8.742017746
476.7883486,-506.4372551,411.8650153,0.003012695313,-0.001884765625,-0.003623046875,837.6953125,77.83203125,-65.0390625,14,12,5.748907089,1.148766041,8.742017746
476.7883486,-506.4372551,411.8650153,0.003012695313,-0.001884765625,-0.003623046875,837.6953125,77.83203125,-65.0390625,14,12,5.752118111,1.148766041,8.532682419
476.7883486,-506.4372551,411.8650153,0.003012695313,-0.001884765625,-0.003623046875,837.6953125,77.83203125,-65.0390625,14,12,5.752118111,0.461825192,8.532682419
476.7883486,-506.4372551,411.8650153,0.003012695313,-0.001884765625,-0.003623046875,837.6953125,77.83203125,-65.0390625,14,12,5.749320507,0.461825192,8.532682419
476.7883486,-506.4372551,411.8650153,0.003012695313,-0.001884765625,-0.003623046875,837.6953125,77.83203125,-65.0390625,14,12,5.749320507,0.461825192,8.532682419
476.7883486,-506.4372551,411.8650153,0.003012695313,-0.001884765625,-0.003623046875,837.6953125,77.83203125,-65.0390625,14,12,5.747190952,0.461825192,8.532682419
476.7883486,-506.4372551,411.8650153,0.003012695313,-0.001884765625,-0.003623046875,837.6953125,77.83203125,-65.0390625,14,12,5.747190952,0.461825192,8.532682419
476.7883486,-506.4372551,411.8650153,0.003012695313,-0.001884765625,-0.003623046875,837.6953125,77.83203125,-65.0390625,14,12,5.747731686,0.461825192,8.532682419
476.7883486,-506.4372551,411.8650153,0.003012695313,-0.001884765625,-0.003623046875,837.6953125,77.83203125,-65.0390625,14,12,5.747731686,0.461825192,8.532682419
476.7883486,-506.4372551,411.8650153,0.003012695313,-0.001884765625,-0.003623046875,837.6953125,77.83203125,-65.0390625,14,12,5.749607086,0.461825192,8.532682419
476.7883486,-506.4372551,411.8650153,0.003012695313,-0.001884765625,-0.003623046875,837.6953125,77.83203125,-65.0390625,14,12,5.749607086,0.461825192,8.532682419
476.7883486,-506.4372551,411.8650153,0.003012695313,-0.001884765625,-0.003623046875,837.6953125,77.83203125,-65.0390625,14,12,5.748145103,0.461825192,8.328434944
476.7883486,-506.4372551,411.8650153,0.003012695313,-0.001884765625,-0.003623046875,837.6953125,77.83203125,-65.0390625,14,12,5.748145103,0.06694528461,8.328434944
476.7883486,-506.4372551,411.8650153,0.003012695313,-0.001884765625,-0.003623046875,837.6953125,77.83203125,-65.0390625,14,12,5.741342545,0.06694528461,8.328434944
476.7883486,-506.4372551,411.8650153,0.003012695313,-0.001884765625,-0.003623046875,837.6953125,77.83203125,-65.0390625,14,12,5.741342545,0.06694528461,8.328434944
476.7883486,-506.4372551,411.8650153,0.003012695313,-0.001884765625,-0.003623046875,837.6953125,77.83203125,-65.0390625,14,12,5.732536793,0.06694528461,8.328434944
476.7883486,-506.4372551,411.8650153,0.003012695313,-0.001884765625,-0.003623046875,837.6953125,77.83203125,-65.0390625,14,12,5.732536793,0.06694528461,8.328434944
476.7883486,-506.4372551,411.8650153,0.003012695313,-0.001884765625,-0.003623046875,837.6953125,77.83203125,-65.0390625,14,12,5.745760918,0.06694528461,8.328434944
476.7883486,-506.4372551,411.8650153,0.003012695313,-0.001884765625,-0.003623046875,837.6953125,77.83203125,-65.0390625,14,12,5.745760918,0.06694528461,8.328434944
476.7883486,-506.4372551,411.8650153,0.003012695313,-0.001884765625,-0.003623046875,837.6953125,77.83203125,-65.0390625,14,12,5.747636318,0.06694528461,8.328434944
476.7883486,-506.4372551,411.8650153,0.003012695313,-0.001884765625,-0.003623046875,837.6953125,77.83203125,-65.0390625,14,12,5.747636318,0.06694528461,8.328434944
476.7883486,-506.4372551,411.8650153,0.003012695313,-0.001884765625,-0.003623046875,837.6953125,77.83203125,-65.0390625,14,12,5.740166187,0.06694528461,7.761800289
476.7883486,-506.4372551,411.8650153,0.003012695313,-0.001884765625,-0.003623046875,837.6953125,77.83203125,-65.0390625,14,12,5.740166187,0.2261790484,7.761800289
476.8384795,-506.4410393,411.8612467,0.001127929688,-0.0006591796875,0.003598632813,1002.636719,-75.68359375,-75.390625,14,12,5.7393713,0.2261790484,7.761800289
476.8384795,-506.4410393,411.8612467,0.001127929688,-0.0006591796875,0.003598632813,1002.636719,-75.68359375,-75.390625,14,12,5.7393713,0.2261790484,7.761800289
476.8384795,-506.4410393,411.8612467,0.001127929688,-0.0006591796875,0.003598632813,1002.636719,-75.68359375,-75.390625,14,12,5.753931046,0.2261790484,7.761800289
476.8384795,-506.4410393,411.8612467,0.001127929688,-0.0006591796875,0.003598632813,1002.636719,-75.68359375,-75.390625,14,12,5.753931046,0.2261790484,7.761800289
476.8384795,-506.4410393,411.8612467,0.001127929688,-0.0006591796875,0.003598632813,1002.636719,-75.68359375,-75.390625,14,12,5.761814594,0.2261790484,7.761800289
476.8384795,-506.4410393,411.8612467,0.001127929688,-0.0006591796875,0.003598632813,1002.636719,-75.68359375,-75.390625,14,12,5.761814594,0.2261790484,7.761800289
476.8384795,-506.4410393,411.8612467,0.001127929688,-0.0006591796875,0.003598632813,1002.636719,-75.68359375,-75.390625,14,12,5.761019707,0.2261790484,7.761800289
476.8384795,-506.4410393,411.8612467,0.001127929688,-0.0006591796875,0.003598632813,1002.636719,-75.68359375,-75.390625,14,12,5.761019707,0.2261790484,7.761800289
476.8384795,-506.4410393,411.8612467,0.001127929688,-0.0006591796875,0.003598632813,1002.636719,-75.68359375,-75.390625,14,12,5.752213955,0.2261790484,7.090503693
476.8384795,-506.4410393,411.8612467,0.001127929688,-0.0006591796875,0.003598632813,1002.636719,-75.68359375,-75.390625,14,12,5.752213955,0.1098306254,7.090503693
476.8384795,-506.4410393,411.8612467,0.001127929688,-0.0006591796875,0.003598632813,1002.636719,-75.68359375,-75.390625,14,12,5.760765553,0.1098306254,7.090503693
476.8384795,-506.4410393,411.8612467,0.001127929688,-0.0006591796875,0.003598632813,1002.636719,-75.68359375,-75.390625,14,12,5.760765553,0.1098306254,7.090503693
476.8384795,-506.4410393,411.8612467,0.001127929688,-0.0006591796875,0.003598632813,1002.636719,-75.68359375,-75.390625,14,12,5.787341118,0.1098306254,7.090503693
476.8384795,-506.4410393,411.8612467,0.001127929688,-0.0006591796875,0.003598632813,1002.636719,-75.68359375,-75.390625,14,12,5.787341118,0.1098306254,7.090503693
476.8384795,-506.4410393,411.8612467,0.001127929688,-0.0006591796875,0.003598632813,1002.636719,-75.68359375,-75.390625,14,12,5.779202938,0.1098306254,7.090503693
476.8384795,-506.4410393,411.8612467,0.001127929688,-0.0006591796875,0.003598632813,1002.636719,-75.68359375,-75.390625,14,12,5.779202938,0.1098306254,7.090503693
476.8384795,-506.4410393,411.8612467,0.001127929688,-0.0006591796875,0.003598632813,1002.636719,-75.68359375,-75.390625,14,12,5.770397186,0.1098306254,7.090503693
476.8384795,-506.4410393,411.8612467,0.001127929688,-0.0006591796875,0.003598632813,1002.636719,-75.68359375,-75.390625,14,12,5.770397186,0.1098306254,7.090503693
476.8384795,-506.4410393,411.8612467,0.001127929688,-0.0006591796875,0.003598632813,1002.636719,-75.68359375,-75.390625,14,12,5.781619072,0.1098306254,6.881219387
476.8384795,-506.4410393,411.8612467,0.001127929688,-0.0006591796875,0.003598632813,1002.636719,-75.68359375,-75.390625,14,12,5.781619072,0.8468205333,6.881219387
476.8384795,-506.4410393,411.8612467,0.001127929688,-0.0006591796875,0.003598632813,1002.636719,-75.68359375,-75.390625,14,12,5.798849106,0.8468205333,6.881219387
476.8384795,-506.4410393,411.8612467,0.001127929688,-0.0006591796875,0.003598632813,1002.636719,-75.68359375,-75.390625,14,12,5.798849106,0.8468205333,6.881219387
476.8384795,-506.4410393,411.8612467,0.001127929688,-0.0006591796875,0.003598632813,1002.636719,-75.68359375,-75.390625,14,12,5.802727699,0.8468205333,6.881219387
476.8384795,-506.4410393,411.8612467,0.001127929688,-0.0006591796875,0.003598632813,1002.636719,-75.68359375,-75.390625,14,12,5.802727699,0.8468205333,6.881219387
476.8384795,-506.4410393,411.8612467,0.001127929688,-0.0006591796875,0.003598632813,1002.636719,-75.68359375,-75.390625,14,12,5.79458952,0.8468205333,6.881219387
476.8384795,-506.4410393,411.8612467,0.001127929688,-0.0006591796875,0.003598632813,1002.636719,-75.68359375,-75.390625,14,12,5.79458952,0.8468205333,6.881219387
476.8384795,-506.4410393,411.8612467,0.001127929688,-0.0006591796875,0.003598632813,1002.636719,-75.68359375,-75.390625,14,12,5.797800541,0.8468205333,6.881219387
476.8384795,-506.4410393,411.8612467,0.001127929688,-0.0006591796875,0.003598632813,1002.636719,-75.68359375,-75.390625,14,12,5.797800541,0.8468205333,6.881219387
476.8384795,-506.4410393,411.8612467,0.001127929688,-0.0006591796875,0.003598632813,1002.636719,-75.68359375,-75.390625,14,12,5.817033291,0.8468205333,6.972698689
476.8384795,-506.4410393,411.8612467,0.001127929688,-0.0006591796875,0.003598632813,1002.636719,-75.68359375,-75.390625,14,12,5.817033291,1.642599702,6.972698689
476.8842062,-506.4414348,411.8666968,-0.003349609375,0.00203125,-0.0002783203125,914.5507812,-7.91015625,108.984375,14,12,5.827587128,1.642599702,6.972698689
476.8842062,-506.4414348,411.8666968,-0.003349609375,0.00203125,-0.0002783203125,914.5507812,-7.91015625,108.984375,14,12,5.827587128,1.642599702,6.972698689
476.8842062,-506.4414348,411.8666968,-0.003349609375,0.00203125,-0.0002783203125,914.5507812,-7.91015625,108.984375,14,12,5.821451664,1.642599702,6.972698689
476.8842062,-506.4414348,411.8666968,-0.003349609375,0.00203125,-0.0002783203125,914.5507812,-7.91015625,108.984375,14,12,5.821451664,1.642599702,6.972698689
476.8842062,-506.4414348,411.8666968,-0.003349609375,0.00203125,-0.0002783203125,914.5507812,-7.91015625,108.984375,14,12,5.8153162,1.642599702,6.972698689
476.8842062,-506.4414348,411.8666968,-0.003349609375,0.00203125,-0.0002783203125,914.5507812,-7.91015625,108.984375,14,12,5.8153162,1.642599702,6.972698689
476.8842062,-506.4414348,411.8666968,-0.003349609375,0.00203125,-0.0002783203125,914.5507812,-7.91015625,108.984375,14,12,5.83788681,1.642599702,6.972698689
476.8842062,-506.4414348,411.8666968,-0.003349609375,0.00203125,-0.0002783203125,914.5507812,-7.91015625,108.984375,14,12,5.83788681,1.642599702,6.972698689
476.8842062,-506.4414348,411.8666968,-0.003349609375,0.00203125,-0.0002783203125,914.5507812,-7.91015625,108.984375,14,12,5.845770359,1.642599702,7.622184277
476.8842062,-506.4414348,411.8666968,-0.003349609375,0.00203125,-0.0002783203125,914.5507812,-7.91015625,108.984375,14,12,5.845770359,2.023391962,7.622184277
476.8842062,-506.4414348,411.8666968,-0.003349609375,0.00203125,-0.0002783203125,914.5507812,-7.91015625,108.984375,14,12,5.834961891,2.023391962,7.622184277
476.8842062,-506.4414348,411.8666968,-0.003349609375,0.00203125,-0.0002783203125,914.5507812,-7.91015625,108.984375,14,12,5.834961891,2.023391962,7.622184277
476.8842062,-506.4414348,411.8666968,-0.003349609375,0.00203125,-0.0002783203125,914.5507812,-7.91015625,108.984375,14,12,5.828826427,2.023391962,7.622184277
476.8842062,-506.4414348,411.8666968,-0.003349609375,0.00203125,-0.0002783203125,914.5507812,-7.91015625,108.984375,14,12,5.828826427,2.023391962,7.622184277
476.8842062,-506.4414348,411.8666968,-0.003349609375,0.00203125,-0.0002783203125,914.5507812,-7.91015625,108.984375,14,12,5.840715885,2.023391962,7.622184277
476.8842062,-506.4414348,411.8666968,-0.003349609375,0.00203125,-0.0002783203125,914.5507812,-7.91015625,108.984375,14,12,5.840715885,2.023391962,7.622184277
476.8842062,-506.4414348,411.8666968,-0.003349609375,0.00203125,-0.0002783203125,914.5507812,-7.91015625,108.984375,14,12,5.855942726,2.023391962,7.622184277
476.8842062,-506.4414348,411.8666968,-0.003349609375,0.00203125,-0.0002783203125,914.5507812,-7.91015625,108.984375,14,12,5.855942726,2.023391962,7.622184277
476.8842062,-506.4414348,411.8666968,-0.003349609375,0.00203125,-0.0002783203125,914.5507812,-7.91015625,108.984375,14,12,5.851810455,2.023391962,8.231984138
476.8842062,-506.4414348,411.8666968,-0.003349609375,0.00203125,-0.0002783203125,914.5507812,-7.91015625,108.984375,14,12,5.851810455,1.978773713,8.231984138
476.8842062,-506.4414348,411.8666968,-0.003349609375,0.00203125,-0.0002783203125,914.5507812,-7.91015625,108.984375,14,12,5.843672276,1.978773713,8.231984138
476.8842062,-506.4414348,411.8666968,-0.003349609375,0.00203125,-0.0002783203125,914.5507812,-7.91015625,108.984375,14,12,5.843672276,1.978773713,8.231984138
476.8842062,-506.4414348,411.8666968,-0.003349609375,0.00203125,-0.0002783203125,914.5507812,-7.91015625,108.984375,14,12,5.850221157,1.978773713,8.231984138
476.8842062,-506.4414348,411.8666968,-0.003349609375,0.00203125,-0.0002783203125,914.5507812,-7.91015625,108.984375,14,12,5.850221157,1.978773713,8.231984138
476.8842062,-506.4414348,411.8666968,-0.003349609375,0.00203125,-0.0002783203125,914.5507812,-7.91015625,108.984375,14,12,5.857437134,1.978773713,8.231984138
476.8842062,-506.4414348,411.8666968,-0.003349609375,0.00203125,-0.0002783203125,914.5507812,-7.91015625,108.984375,14,12,5.857437134,1.978773713,8.231984138
476.8842062,-506.4414348,411.8666968,-0.003349609375,0.00203125,-0.0002783203125,914.5507812,-7.91015625,108.984375,14,12,5.851969242,1.978773713,8.231984138
476.8842062,-506.4414348,411.8666968,-0.003349609375,0.00203125,-0.0002783203125,914.5507812,-7.91015625,108.984375,14,12,5.851969242,1.978773713,8.231984138
476.8842062,-506.4414348,411.8666968,-0.003349609375,0.00203125,-0.0002783203125,914.5507812,-7.91015625,108.984375,14,12,5.845166683,1.978773713,8.441283226
476.8842062,-506.4414348,411.8666968,-0.003349609375,0.00203125,-0.0002783203125,914.5507812,-7.91015625,108.984375,14,12,5.845166683,1.436622143,8.441283226
476.9251037,-506.4376409,411.8650034,0.001298828125,-0.001411132813,-0.00310546875,817.96875,75.87890625,-33.88671875,14,12,5.855052948,1.436622143,8.441283226
476.9251037,-506.4376409,411.8650034,0.001298828125,-0.001411132813,-0.00310546875,817.96875,75.87890625,-33.88671875,14,12,5.855052948,1.436622143,8.441283226
476.9251037,-506.4376409,411.8650034,0.001298828125,-0.001411132813,-0.00310546875,817.96875,75.87890625,-33.88671875,14,12,5.853590965,1.436622143,8.441283226
476.9251037,-506.4376409,411.8650034,0.001298828125,-0.001411132813,-0.00310546875,817.96875,75.87890625,-33.88671875,14,12,5.853590965,1.436622143,8.441283226
476.9251037,-506.4376409,411.8650034,0.001298828125,-0.001411132813,-0.00310546875,817.96875,75.87890625,-33.88671875,14,12,5.844118118,1.436622143,8.441283226
476.9251037,-506.4376409,411.8650034,0.001298828125,-0.001411132813,-0.00310546875,817.96875,75.87890625,-33.88671875,14,12,5.844118118,1.436622143,8.441283226
476.9251037,-506.4376409,411.8650034,0.001298828125,-0.001411132813,-0.00310546875,817.96875,75.87890625,-33.88671875,14,12,5.838650227,1.436622143,8.441283226
476.9251037,-506.4376409,411.8650034,0.001298828125,-0.001411132813,-0.00310546875,817.96875,75.87890625,-33.88671875,14,12,5.838650227,1.436622143,8.441283226
476.9251037,-506.4376409,411.8650034,0.001298828125,-0.001411132813,-0.00310546875,817.96875,75.87890625,-33.88671875,14,12,5.836520672,1.436622143,8.742016792
476.9251037,-506.4376409,411.8650034,0.001298828125,-0.001411132813,-0.00310546875,817.96875,75.87890625,-33.88671875,14,12,5.836520672,0.70898211,8.742016792
476.9251037,-506.4376409,411.8650034,0.001298828125,-0.001411132813,-0.00310546875,817.96875,75.87890625,-33.88671875,14,12,5.829718113,0.70898211,8.742016792
476.9251037,-506.4376409,411.8650034,0.001298828125,-0.001411132813,-0.00310546875,817.96875,75.87890625,-33.88671875,14,12,5.829718113,0.70898211,8.742016792
476.9251037,-506.4376409,411.8650034,0.001298828125,-0.001411132813,-0.00310546875,817.96875,75.87890625,-33.88671875,14,12,5.818909645,0.70898211,8.742016792
476.9251037,-506.4376409,411.8650034,0.001298828125,-0.001411132813,-0.00310546875,817.96875,75.87890625,-33.88671875,14,12,5.818909645,0.70898211,8.742016792
476.9251037,-506.4376409,411.8650034,0.001298828125,-0.001411132813,-0.00310546875,817.96875,75.87890625,-33.88671875,14,12,5.822788239,0.70898211,8.742016792
476.9251037,-506.4376409,411.8650034,0.001298828125,-0.001411132813,-0.00310546875,817.96875,75.87890625,-33.88671875,14,12,5.822788239,0.70898211,8.742016792
476.9251037,-506.4376409,411.8650034,0.001298828125,-0.001411132813,-0.00310546875,817.96875,75.87890625,-33.88671875,14,12,5.821326256,0.70898211,8.742016792
476.9251037,-506.4376409,411.8650034,0.001298828125,-0.001411132813,-0.00310546875,817.96875,75.87890625,-33.88671875,14,12,5.821326256,0.70898211,8.742016792
476.9251037,-506.4376409,411.8650034,0.001298828125,-0.001411132813,-0.00310546875,817.96875,75.87890625,-33.88671875,14,12,5.811853409,0.70898211,8.615774155
476.9251037,-506.4376409,411.8650034,0.001298828125,-0.001411132813,-0.00310546875,817.96875,75.87890625,-33.88671875,14,12,5.811853409,0.039850045,8.615774155
476.9251037,-506.4376409,411.8650034,0.001298828125,-0.001411132813,-0.00310546875,817.96875,75.87890625,-33.88671875,14,12,5.809055805,0.039850045,8.615774155
476.9251037,-506.4376409,411.8650034,0.001298828125,-0.001411132813,-0.00310546875,817.96875,75.87890625,-33.88671875,14,12,5.809055805,0.039850045,8.615774155
476.9251037,-506.4376409,411.8650034,0.001298828125,-0.001411132813,-0.00310546875,817.96875,75.87890625,-33.88671875,14,12,5.80559063,0.039850045,8.615774155
476.9251037,-506.4376409,411.8650034,0.001298828125,-0.001411132813,-0.00310546875,817.96875,75.87890625,-33.88671875,14,12,5.80559063,0.039850045,8.615774155
476.9251037,-506.4376409,411.8650034,0.001298828125,-0.001411132813,-0.00310546875,817.96875,75.87890625,-33.88671875,14,12,5.810136318,0.039850045,8.615774155
476.9251037,-506.4376409,411.8650034,0.001298828125,-0.001411132813,-0.00310546875,817.96875,75.87890625,-33.88671875,14,12,5.810136318,0.039850045,8.615774155
476.9251037,-506.4376409,411.8650034,0.001298828125,-0.001411132813,-0.00310546875,817.96875,75.87890625,-33.88671875,14,12,5.799995899,0.039850045,8.615774155
476.9251037,-506.4376409,411.8650034,0.001298828125,-0.001411132813,-0.00310546875,817.96875,75.87890625,-33.88671875,14,12,5.799995899,0.039850045,8.615774155
476.9251037,-506.4376409,411.8650034,0.001298828125,-0.001411132813,-0.00310546875,817.96875,75.87890625,-33.88671875,14,12,5.782512188,0.039850045,8.127374649
476.9251037,-506.4376409,411.8650034,0.001298828125,-0.001411132813,-0.00310546875,817.96875,75.87890625,-33.88671875,14,12,5.782512188,0.307151854,8.127374649
476.9743655,-506.4410247,411.8604779,0.001186523438,-0.0006689453125,0.00404296875,985.2539063,-67.67578125,-90.52734375,14,12,5.794401646,0.307151854,8.127374649
476.9743655,-506.4410247,411.8604779,0.001186523438,-0.0006689453125,0.00404296875,985.2539063,-67.67578125,-90.52734375,14,12,5.794401646,0.307151854,8.127374649
476.9743655,-506.4410247,411.8604779,0.001186523438,-0.0006689453125,0.00404296875,985.2539063,-67.67578125,-90.52734375,14,12,5.803620815,0.307151854,8.127374649
476.9743655,-506.4410247,411.8604779,0.001186523438,-0.0006689453125,0.00404296875,985.2539063,-67.67578125,-90.52734375,14,12,5.803620815,0.307151854,8.127374649
476.9743655,-506.4410247,411.8604779,0.001186523438,-0.0006689453125,0.00404296875,985.2539063,-67.67578125,-90.52734375,14,12,5.792812347,0.307151854,8.127374649
476.9743655,-506.4410247,411.8604779,0.001186523438,-0.0006689453125,0.00404296875,985.2539063,-67.67578125,-90.52734375,14,12,5.792812347,0.307151854,8.127374649
476.9743655,-506.4410247,411.8604779,0.001186523438,-0.0006689453125,0.00404296875,985.2539063,-67.67578125,-90.52734375,14,12,5.785342216,0.307151854,8.127374649
476.9743655,-506.4410247,411.8604779,0.001186523438,-0.0006689453125,0.00404296875,985.2539063,-67.67578125,-90.52734375,14,12,5.785342216,0.307151854,8.127374649
476.9743655,-506.4410247,411.8604779,0.001186523438,-0.0006689453125,0.00404296875,985.2539063,-67.67578125,-90.52734375,14,12,5.779206753,0.307151854,7.46942997
476.9743655,-506.4410247,411.8604779,0.001186523438,-0.0006689453125,0.00404296875,985.2539063,-67.67578125,-90.52734375,14,12,5.779206753,0.1215440556,7.46942997
476.9743655,-506.4410247,411.8604779,0.001186523438,-0.0006689453125,0.00404296875,985.2539063,-67.67578125,-90.52734375,14,12,5.798439503,0.1215440556,7.46942997
476.9743655,-506.4410247,411.8604779,0.001186523438,-0.0006689453125,0.00404296875,985.2539063,-67.67578125,-90.52734375,14,12,5.798439503,0.1215440556,7.46942997
476.9743655,-506.4410247,411.8604779,0.001186523438,-0.0006689453125,0.00404296875,985.2539063,-67.67578125,-90.52734375,14,12,5.800314903,0.1215440556,7.46942997
476.9743655,-506.4410247,411.8604779,0.001186523438,-0.0006689453125,0.00404296875,985.2539063,-67.67578125,-90.52734375,14,12,5.800314903,0.1215440556,7.46942997
476.9743655,-506.4410247,411.8604779,0.001186523438,-0.0006689453125,0.00404296875,985.2539063,-67.67578125,-90.52734375,14,12,5.782831192,0.1215440556,7.46942997
476.9743655,-506.4410247,411.8604779,0.001186523438,-0.0006689453125,0.00404296875,985.2539063,-67.67578125,-90.52734375,14,12,5.782831192,0.1215440556,7.46942997
476.9743655,-506.4410247,411.8604779,0.001186523438,-0.0006689453125,0.00404296875,985.2539063,-67.67578125,-90.52734375,14,12,5.775361061,0.1215440556,7.46942997
476.9743655,-506.4410247,411.8604779,0.001186523438,-0.0006689453125,0.00404296875,985.2539063,-67.67578125,-90.52734375,14,12,5.775361061,0.1215440556,7.46942997
476.9743655,-506.4410247,411.8604779,0.001186523438,-0.0006689453125,0.00404296875,985.2539063,-67.67578125,-90.52734375,14,12,5.791255474,0.1215440556,7.112158298
476.9743655,-506.4410247,411.8604779,0.001186523438,-0.0006689453125,0.00404296875,985.2539063,-67.67578125,-90.52734375,14,12,5.791255474,0.374414295,7.112158298
476.9743655,-506.4410247,411.8604779,0.001186523438,-0.0006689453125,0.00404296875,985.2539063,-67.67578125,-90.52734375,14,12,5.786455631,0.374414295,7.112158298
476.9743655,-506.4410247,411.8604779,0.001186523438,-0.0006689453125,0.00404296875,985.2539063,-67.67578125,-90.52734375,14,12,5.786455631,0.374414295,7.112158298
476.9743655,-506.4410247,411.8604779,0.001186523438,-0.0006689453125,0.00404296875,985.2539063,-67.67578125,-90.52734375,14,12,5.78232336,0.374414295,7.112158298
476.9743655,-506.4410247,411.8604779,0.001186523438,-0.0006689453125,0.00404296875,985.2539063,-67.67578125,-90.52734375,14,12,5.78232336,0.374414295,7.112158298
476.9743655,-506.4410247,411.8604779,0.001186523438,-0.0006689453125,0.00404296875,985.2539063,-67.67578125,-90.52734375,14,12,5.77819109,0.374414295,7.112158298
476.9743655,-506.4410247,411.8604779,0.001186523438,-0.0006689453125,0.00404296875,985.2539063,-67.67578125,-90.52734375,14,12,5.77819109,0.374414295,7.112158298
476.9743655,-506.4410247,411.8604779,0.001186523438,-0.0006689453125,0.00404296875,985.2539063,-67.67578125,-90.52734375,14,12,5.784072399,0.374414295,7.112158298
476.9743655,-506.4410247,411.8604779,0.001186523438,-0.0006689453125,0.00404296875,985.2539063,-67.67578125,-90.52734375,14,12,5.784072399,0.374414295,7.112158298
476.9743655,-506.4410247,411.8604779,0.001186523438,-0.0006689453125,0.00404296875,985.2539063,-67.67578125,-90.52734375,14,12,5.801302433,0.374414295,7.042421341
476.9743655,-506.4410247,411.8604779,0.001186523438,-0.0006689453125,0.00404296875,985.2539063,-67.67578125,-90.52734375,14,12,5.801302433,1.231331468,7.042421341
477.0201556,-506.4416741,411.8667874,-0.00326171875,0.002036132813,2.44140625e-05,915.8203125,-12.98828125,126.171875,14,12,5.789159298,1.231331468,7.042421341
477.0201556,-506.4416741,411.8667874,-0.00326171875,0.002036132813,2.44140625e-05,915.8203125,-12.98828125,126.171875,14,12,5.789159298,1.231331468,7.042421341
477.0201556,-506.4416741,411.8667874,-0.00326171875,0.002036132813,2.44140625e-05,915.8203125,-12.98828125,126.171875,14,12,5.77501297,1.231331468,7.042421341
477.0201556,-506.4416741,411.8667874,-0.00326171875,0.002036132813,2.44140625e-05,915.8203125,-12.98828125,126.171875,14,12,5.77501297,1.231331468,7.042421341
477.0201556,-506.4416741,411.8667874,-0.00326171875,0.002036132813,2.44140625e-05,915.8203125,-12.98828125,126.171875,14,12,5.792243004,1.231331468,7.042421341
477.0201556,-506.4416741,411.8667874,-0.00326171875,0.002036132813,2.44140625e-05,915.8203125,-12.98828125,126.171875,14,12,5.792243004,1.231331468,7.042421341
477.0201556,-506.4416741,411.8667874,-0.00326171875,0.002036132813,2.44140625e-05,915.8203125,-12.98828125,126.171875,14,12,5.797456264,1.231331468,7.042421341
477.0201556,-506.4416741,411.8667874,-0.00326171875,0.002036132813,2.44140625e-05,915.8203125,-12.98828125,126.171875,14,12,5.797456264,1.231331468,7.042421341
477.0201556,-506.4416741,411.8667874,-0.00326171875,0.002036132813,2.44140625e-05,915.8203125,-12.98828125,126.171875,14,12,5.797328949,1.231331468,7.434567451
477.0201556,-506.4416741,411.8667874,-0.00326171875,0.002036132813,2.44140625e-05,915.8203125,-12.98828125,126.171875,14,12,5.797328949,1.842236757,7.434567451
477.0201556,-506.4416741,411.8667874,-0.00326171875,0.002036132813,2.44140625e-05,915.8203125,-12.98828125,126.171875,14,12,5.780512333,1.842236757,7.434567451
477.0201556,-506.4416741,411.8667874,-0.00326171875,0.002036132813,2.44140625e-05,915.8203125,-12.98828125,126.171875,14,12,5.780512333,1.842236757,7.434567451
477.0201556,-506.4416741,411.8667874,-0.00326171875,0.002036132813,2.44140625e-05,915.8203125,-12.98828125,126.171875,14,12,5.781720638,1.842236757,7.434567451
477.0201556,-506.4416741,411.8667874,-0.00326171875,0.002036132813,2.44140625e-05,915.8203125,-12.98828125,126.171875,14,12,5.781720638,1.842236757,7.434567451
477.0201556,-506.4416741,411.8667874,-0.00326171875,0.002036132813,2.44140625e-05,915.8203125,-12.98828125,126.171875,14,12,5.800285339,1.842236757,7.434567451
477.0201556,-506.4416741,411.8667874,-0.00326171875,0.002036132813,2.44140625e-05,915.8203125,-12.98828125,126.171875,14,12,5.800285339,1.842236757,7.434567451
477.0201556,-506.4416741,411.8667874,-0.00326171875,0.002036132813,2.44140625e-05,915.8203125,-12.98828125,126.171875,14,12,5.806834221,1.842236757,7.434567451
477.0201556,-506.4416741,411.8667874,-0.00326171875,0.002036132813,2.44140625e-05,915.8203125,-12.98828125,126.171875,14,12,5.806834221,1.842236757,7.434567451
477.0201556,-506.4416741,411.8667874,-0.00326171875,0.002036132813,2.44140625e-05,915.8203125,-12.98828125,126.171875,14,12,5.783342361,1.842236757,8.00104332
477.0201556,-506.4416741,411.8667874,-0.00326171875,0.002036132813,2.44140625e-05,915.8203125,-12.98828125,126.171875,14,12,5.783342361,2.024784088,8.00104332
477.0201556,-506.4416741,411.8667874,-0.00326171875,0.002036132813,2.44140625e-05,915.8203125,-12.98828125,126.171875,14,12,5.803242683,2.024784088,8.00104332
477.0201556,-506.4416741,411.8667874,-0.00326171875,0.002036132813,2.44140625e-05,915.8203125,-12.98828125,126.171875,14,12,5.803242683,2.024784088,8.00104332
477.0201556,-506.4416741,411.8667874,-0.00326171875,0.002036132813,2.44140625e-05,915.8203125,-12.98828125,126.171875,14,12,5.797774792,2.024784088,8.00104332
477.0201556,-506.4416741,411.8667874,-0.00326171875,0.002036132813,2.44140625e-05,915.8203125,-12.98828125,126.171875,14,12,5.797774792,2.024784088,8.00104332
477.0201556,-506.4416741,411.8667874,-0.00326171875,0.002036132813,2.44140625e-05,915.8203125,-12.98828125,126.171875,14,12,5.799650192,2.024784088,8.00104332
477.0201556,-506.4416741,411.8667874,-0.00326171875,0.002036132813,2.44140625e-05,915.8203125,-12.98828125,126.171875,14,12,5.799650192,2.024784088,8.00104332
477.0201556,-506.4416741,411.8667874,-0.00326171875,0.002036132813,2.44140625e-05,915.8203125,-12.98828125,126.171875,14,12,5.800858498,2.024784088,8.00104332
477.0201556,-506.4416741,411.8667874,-0.00326171875,0.002036132813,2.44140625e-05,915.8203125,-12.98828125,126.171875,14,12,5.800858498,2.024784088,8.00104332
477.0201556,-506.4416741,411.8667874,-0.00326171875,0.002036132813,2.44140625e-05,915.8203125,-12.98828125,126.171875,14,12,5.779368877,2.024784088,8.462924957
477.0201556,-506.4416741,411.8667874,-0.00326171875,0.002036132813,2.44140625e-05,915.8203125,-12.98828125,126.171875,14,12,5.779368877,1.718160748,8.462924957
477.0605599,-506.4378167,411.8670764,0.001547851563,-0.00080078125,-0.00455078125,808.1054688,77.1484375,5.76171875,14,12,5.790590763,1.718160748,8.462924957
477.0605599,-506.4378167,411.8670764,0.001547851563,-0.00080078125,-0.00455078125,808.1054688,77.1484375,5.76171875,14,12,5.790590763,1.718160748,8.462924957
477.0605599,-506.4378167,411.8670764,0.001547851563,-0.00080078125,-0.00455078125,808.1054688,77.1484375,5.76171875,14,12,5.791799068,1.718160748,8.462924957
477.0605599,-506.4378167,411.8670764,0.001547851563,-0.00080078125,-0.00455078125,808.1054688,77.1484375,5.76171875,14,12,5.791799068,1.718160748,8.462924957
477.0605599,-506.4378167,411.8670764,0.001547851563,-0.00080078125,-0.00455078125,808.1054688,77.1484375,5.76171875,14,12,5.776318073,1.718160748,8.462924957
477.0605599,-506.4378167,411.8670764,0.001547851563,-0.00080078125,-0.00455078125,808.1054688,77.1484375,5.76171875,14,12,5.776318073,1.718160748,8.462924957
477.0605599,-506.4378167,411.8670764,0.001547851563,-0.00080078125,-0.00455078125,808.1054688,77.1484375,5.76171875,14,12,5.769515514,1.718160748,8.462924957
477.0605599,-506.4378167,411.8670764,0.001547851563,-0.00080078125,-0.00455078125,808.1054688,77.1484375,5.76171875,14,12,5.769515514,1.718160748,8.462924957
477.0605599,-506.4378167,411.8670764,0.001547851563,-0.00080078125,-0.00455078125,808.1054688,77.1484375,5.76171875,14,12,5.772058487,1.718160748,8.728743553
477.0605599,-506.4378167,411.8670764,0.001547851563,-0.00080078125,-0.00455078125,808.1054688,77.1484375,5.76171875,14,12,5.772058487,1.075754166,8.728743553
477.0605599,-506.4378167,411.8670764,0.001547851563,-0.00080078125,-0.00455078125,808.1054688,77.1484375,5.76171875,14,12,5.766590595,1.075754166,8.728743553
477.0605599,-506.4378167,411.8670764,0.001547851563,-0.00080078125,-0.00455078125,808.1054688,77.1484375,5.76171875,14,12,5.766590595,1.075754166,8.728743553
477.0605599,-506.4378167,411.8670764,0.001547851563,-0.00080078125,-0.00455078125,808.1054688,77.1484375,5.76171875,14,12,5.760455132,1.075754166,8.728743553
477.0605599,-506.4378167,411.8670764,0.001547851563,-0.00080078125,-0.00455078125,808.1054688,77.1484375,5.76171875,14,12,5.760455132,1.075754166,8.728743553
477.0605599,-506.4378167,411.8670764,0.001547851563,-0.00080078125,-0.00455078125,808.1054688,77.1484375,5.76171875,14,12,5.760995865,1.075754166,8.728743553
477.0605599,-506.4378167,411.8670764,0.001547851563,-0.00080078125,-0.00455078125,808.1054688,77.1484375,5.76171875,14,12,5.760995865,1.075754166,8.728743553
477.0605599,-506.4378167,411.8670764,0.001547851563,-0.00080078125,-0.00455078125,808.1054688,77.1484375,5.76171875,14,12,5.763538837,1.075754166,8.728743553
477.0605599,-506.4378167,411.8670764,0.001547851563,-0.00080078125,-0.00455078125,808.1054688,77.1484375,5.76171875,14,12,5.763538837,1.075754166,8.728743553
477.0605599,-506.4378167,411.8670764,0.001547851563,-0.00080078125,-0.00455078125,808.1054688,77.1484375,5.76171875,14,12,5.753398418,1.075754166,8.763624191
477.0605599,-506.4378167,411.8670764,0.001547851563,-0.00080078125,-0.00455078125,808.1054688,77.1484375,5.76171875,14,12,5.753398418,0.2857621014,8.763624191
477.0605599,-506.4378167,411.8670764,0.001547851563,-0.00080078125,-0.00455078125,808.1054688,77.1484375,5.76171875,14,12,5.751268864,0.2857621014,8.763624191
477.0605599,-506.4378167,411.8670764,0.001547851563,-0.00080078125,-0.00455078125,808.1054688,77.1484375,5.76171875,14,12,5.751268864,0.2857621014,8.763624191
477.0605599,-506.4378167,411.8670764,0.001547851563,-0.00080078125,-0.00455078125,808.1054688,77.1484375,5.76171875,14,12,5.757817745,0.2857621014,8.763624191
477.0605599,-506.4378167,411.8670764,0.001547851563,-0.00080078125,-0.00455078125,808.1054688,77.1484375,5.76171875,14,12,5.757817745,0.2857621014,8.763624191
477.0605599,-506.4378167,411.8670764,0.001547851563,-0.00080078125,-0.00455078125,808.1054688,77.1484375,5.76171875,14,12,5.756355762,0.2857621014,8.763624191
477.0605599,-506.4378167,411.8670764,0.001547851563,-0.00080078125,-0.00455078125,808.1054688,77.1484375,5.76171875,14,12,5.756355762,0.2857621014,8.763624191
477.0605599,-506.4378167,411.8670764,0.001547851563,-0.00080078125,-0.00455078125,808.1054688,77.1484375,5.76171875,14,12,5.752223492,0.2857621014,8.763624191
477.0605599,-506.4378167,411.8670764,0.001547851563,-0.00080078125,-0.00455078125,808.1054688,77.1484375,5.76171875,14,12,5.752223492,0.2857621014,8.763624191
477.0605599,-506.4378167,411.8670764,0.001547851563,-0.00080078125,-0.00455078125,808.1054688,77.1484375,5.76171875,14,12,5.744753361,0.2857621014,8.301739693
477.0605599,-506.4378167,411.8670764,0.001547851563,-0.00080078125,-0.00455078125,808.1054688,77.1484375,5.76171875,14,12,5.744753361,0.1459398419,8.301739693
477.1098852,-506.4400774,411.8611203,0.002124023437,-0.001401367188,0.002387695312,986.5234375,-45.21484375,-119.140625,14,12,5.751969337,0.1459398419,8.301739693
477.1098852,-506.4400774,411.8611203,0.002124023437,-0.001401367188,0.002387695312,986.5234375,-45.21484375,-119.140625,14,12,5.751969337,0.1459398419,8.301739693
477.1098852,-506.4400774,411.8611203,0.002124023437,-0.001401367188,0.002387695312,986.5234375,-45.21484375,-119.140625,14,12,5.753844738,0.1459398419,8.301739693
477.1098852,-506.4400774,411.8611203,0.002124023437,-0.001401367188,0.002387695312,986.5234375,-45.21484375,-119.140625,14,12,5.753844738,0.1459398419,8.301739693
477.1098852,-506.4400774,411.8611203,0.002124023437,-0.001401367188,0.002387695312,986.5234375,-45.21484375,-119.140625,14,12,5.749712467,0.1459398419,8.301739693
477.1098852,-506.4400774,411.8611203,0.002124023437,-0.001401367188,0.002387695312,986.5234375,-45.21484375,-119.140625,14,12,5.749712467,0.1459398419,8.301739693
477.1098852,-506.4400774,411.8611203,0.002124023437,-0.001401367188,0.002387695312,986.5234375,-45.21484375,-119.140625,14,12,5.744912624,0.1459398419,8.301739693
477.1098852,-506.4400774,411.8611203,0.002124023437,-0.001401367188,0.002387695312,986.5234375,-45.21484375,-119.140625,14,12,5.744912624,0.1459398419,8.301739693
477.1098852,-506.4400774,411.8611203,0.002124023437,-0.001401367188,0.002387695312,986.5234375,-45.21484375,-119.140625,14,12,5.750125885,0.1459398419,7.55239439
477.1098852,-506.4400774,411.8611203,0.002124023437,-0.001401367188,0.002387695312,986.5234375,-45.21484375,-119.140625,14,12,5.750125885,0.1149438247,7.55239439
477.1098852,-506.4400774,411.8611203,0.002124023437,-0.001401367188,0.002387695312,986.5234375,-45.21484375,-119.140625,14,12,5.769358635,0.1149438247,7.55239439
477.1098852,-506.4400774,411.8611203,0.002124023437,-0.001401367188,0.002387695312,986.5234375,-45.21484375,-119.140625,14,12,5.769358635,0.1149438247,7.55239439
477.1098852,-506.4400774,411.8611203,0.002124023437,-0.001401367188,0.002387695312,986.5234375,-45.21484375,-119.140625,14,12,5.759218216,0.1149438247,7.55239439
477.1098852,-506.4400774,411.8611203,0.002124023437,-0.001401367188,0.002387695312,986.5234375,-45.21484375,-119.140625,14,12,5.759218216,0.1149438247,7.55239439
477.1098852,-506.4400774,411.8611203,0.002124023437,-0.001401367188,0.002387695312,986.5234375,-45.21484375,-119.140625,14,12,5.758423328,0.1149438247,7.55239439
477.1098852,-506.4400774,411.8611203,0.002124023437,-0.001401367188,0.002387695312,986.5234375,-45.21484375,-119.140625,14,12,5.758423328,0.1149438247,7.55239439
477.1098852,-506.4400774,411.8611203,0.002124023437,-0.001401367188,0.002387695312,986.5234375,-45.21484375,-119.140625,14,12,5.766974926,0.1149438247,7.55239439
477.1098852,-506.4400774,411.8611203,0.002124023437,-0.001401367188,0.002387695312,986.5234375,-45.21484375,-119.140625,14,12,5.766974926,0.1149438247,7.55239439
477.1098852,-506.4400774,411.8611203,0.002124023437,-0.001401367188,0.002387695312,986.5234375,-45.21484375,-119.140625,14,12,5.783537388,0.1149438247,7.090503693
477.1098852,-506.4400774,411.8611203,0.002124023437,-0.001401367188,0.002387695312,986.5234375,-45.21484375,-119.140625,14,12,5.783537388,0.221762985,7.090503693
477.1098852,-506.4400774,411.8611203,0.002124023437,-0.001401367188,0.002387695312,986.5234375,-45.21484375,-119.140625,14,12,5.781407833,0.221762985,7.090503693
477.1098852,-506.4400774,411.8611203,0.002124023437,-0.001401367188,0.002387695312,986.5234375,-45.21484375,-119.140625,14,12,5.781407833,0.221762985,7.090503693
477.1098852,-506.4400774,411.8611203,0.002124023437,-0.001401367188,0.002387695312,986.5234375,-45.21484375,-119.140625,14,12,5.773937702,0.221762985,7.090503693
477.1098852,-506.4400774,411.8611203,0.002124023437,-0.001401367188,0.002387695312,986.5234375,-45.21484375,-119.140625,14,12,5.773937702,0.221762985,7.090503693
477.1098852,-506.4400774,411.8611203,0.002124023437,-0.001401367188,0.002387695312,986.5234375,-45.21484375,-119.140625,14,12,5.774478436,0.221762985,7.090503693
477.1098852,-506.4400774,411.8611203,0.002124023437,-0.001401367188,0.002387695312,986.5234375,-45.21484375,-119.140625,14,12,5.774478436,0.221762985,7.090503693
477.1098852,-506.4400774,411.8611203,0.002124023437,-0.001401367188,0.002387695312,986.5234375,-45.21484375,-119.140625,14,12,5.803056717,0.221762985,7.090503693
477.1098852,-506.4400774,411.8611203,0.002124023437,-0.001401367188,0.002387695312,986.5234375,-45.21484375,-119.140625,14,12,5.803056717,0.221762985,7.090503693
477.1098852,-506.4400774,411.8611203,0.002124023437,-0.001401367188,0.002387695312,986.5234375,-45.21484375,-119.140625,14,12,5.805599689,0.221762985,6.902990341
477.1098852,-506.4400774,411.8611203,0.002124023437,-0.001401367188,0.002387695312,986.5234375,-45.21484375,-119.140625,14,12,5.805599689,1.054248214,6.902990341
477.1575405,-506.4419378,411.8652814,-0.002822265625,0.001455078125,0.00169921875,953.125,-37.20703125,83.203125,14,12,5.796126842,1.054248214,6.902990341
477.1575405,-506.4419378,411.8652814,-0.002822265625,0.001455078125,0.00169921875,953.125,-37.20703125,83.203125,14,12,5.796126842,1.054248214,6.902990341
477.1575405,-506.4419378,411.8652814,-0.002822265625,0.001455078125,0.00169921875,953.125,-37.20703125,83.203125,14,12,5.800672531,1.054248214,6.902990341
477.1575405,-506.4419378,411.8652814,-0.002822265625,0.001455078125,0.00169921875,953.125,-37.20703125,83.203125,14,12,5.800672531,1.054248214,6.902990341
477.1575405,-506.4419378,411.8652814,-0.002822265625,0.001455078125,0.00169921875,953.125,-37.20703125,83.203125,14,12,5.817234993,1.054248214,6.902990341
477.1575405,-506.4419378,411.8652814,-0.002822265625,0.001455078125,0.00169921875,953.125,-37.20703125,83.203125,14,12,5.817234993,1.054248214,6.902990341
477.1575405,-506.4419378,411.8652814,-0.002822265625,0.001455078125,0.00169921875,953.125,-37.20703125,83.203125,14,12,5.835132122,1.054248214,6.902990341
477.1575405,-506.4419378,411.8652814,-0.002822265625,0.001455078125,0.00169921875,953.125,-37.20703125,83.203125,14,12,5.835132122,1.054248214,6.902990341
477.1575405,-506.4419378,411.8652814,-0.002822265625,0.001455078125,0.00169921875,953.125,-37.20703125,83.203125,14,12,5.823656082,1.054248214,6.902990818
477.1575405,-506.4419378,411.8652814,-0.002822265625,0.001455078125,0.00169921875,953.125,-37.20703125,83.203125,14,12,5.823656082,1.799111247,6.902990818
477.1575405,-506.4419378,411.8652814,-0.002822265625,0.001455078125,0.00169921875,953.125,-37.20703125,83.203125,14,12,5.819523811,1.799111247,6.902990818
477.1575405,-506.4419378,411.8652814,-0.002822265625,0.001455078125,0.00169921875,953.125,-37.20703125,83.203125,14,12,5.819523811,1.799111247,6.902990818
477.1575405,-506.4419378,411.8652814,-0.002822265625,0.001455078125,0.00169921875,953.125,-37.20703125,83.203125,14,12,5.83742094,1.799111247,6.902990818
477.1575405,-506.4419378,411.8652814,-0.002822265625,0.001455078125,0.00169921875,953.125,-37.20703125,83.203125,14,12,5.83742094,1.799111247,6.902990818
477.1575405,-506.4419378,411.8652814,-0.002822265625,0.001455078125,0.00169921875,953.125,-37.20703125,83.203125,14,12,5.849310398,1.799111247,6.902990818
477.1575405,-506.4419378,411.8652814,-0.002822265625,0.001455078125,0.00169921875,953.125,-37.20703125,83.203125,14,12,5.849310398,1.799111247,6.902990818
477.1575405,-506.4419378,411.8652814,-0.002822265625,0.001455078125,0.00169921875,953.125,-37.20703125,83.203125,14,12,5.841840267,1.799111247,6.902990818
477.1575405,-506.4419378,411.8652814,-0.002822265625,0.001455078125,0.00169921875,953.125,-37.20703125,83.203125,14,12,5.841840267,1.799111247,6.902990818
477.1575405,-506.4419378,411.8652814,-0.002822265625,0.001455078125,0.00169921875,953.125,-37.20703125,83.203125,14,12,5.829697132,1.799111247,7.59578371
477.1575405,-506.4419378,411.8652814,-0.002822265625,0.001455078125,0.00169921875,953.125,-37.20703125,83.203125,14,12,5.829697132,2.138749838,7.59578371
477.1575405,-506.4419378,411.8652814,-0.002822265625,0.001455078125,0.00169921875,953.125,-37.20703125,83.203125,14,12,5.843589306,2.138749838,7.59578371
477.1575405,-506.4419378,411.8652814,-0.002822265625,0.001455078125,0.00169921875,953.125,-37.20703125,83.203125,14,12,5.843589306,2.138749838,7.59578371
477.1575405,-506.4419378,411.8652814,-0.002822265625,0.001455078125,0.00169921875,953.125,-37.20703125,83.203125,14,12,5.864156723,2.138749838,7.59578371
477.1575405,-506.4419378,411.8652814,-0.002822265625,0.001455078125,0.00169921875,953.125,-37.20703125,83.203125,14,12,5.864156723,2.138749838,7.59578371
477.1575405,-506.4419378,411.8652814,-0.002822265625,0.001455078125,0.00169921875,953.125,-37.20703125,83.203125,14,12,5.858021259,2.138749838,7.59578371
477.1575405,-506.4419378,411.8652814,-0.002822265625,0.001455078125,0.00169921875,953.125,-37.20703125,83.203125,14,12,5.858021259,2.138749838,7.59578371
477.1575405,-506.4419378,411.8652814,-0.002822265625,0.001455078125,0.00169921875,953.125,-37.20703125,83.203125,14,12,5.849215508,2.138749838,7.59578371
477.1575405,-506.4419378,411.8652814,-0.002822265625,0.001455078125,0.00169921875,953.125,-37.20703125,83.203125,14,12,5.849215508,2.138749838,7.59578371
477.1575405,-506.4419378,411.8652814,-0.002822265625,0.001455078125,0.00169921875,953.125,-37.20703125,83.203125,14,12,5.859769344,2.138749838,8.349923134
477.1575405,-506.4419378,411.8652814,-0.002822265625,0.001455078125,0.00169921875,953.125,-37.20703125,83.203125,14,12,5.859769344,1.952485442,8.349923134
477.1981256,-506.4383098,411.8670694,0.000419921875,7.8125e-05,-0.003627929687,811.71875,72.55859375,35.7421875,14,12,5.868320942,1.952485442,8.349923134
477.1981256,-506.4383098,411.8670694,0.000419921875,7.8125e-05,-0.003627929687,811.71875,72.55859375,35.7421875,14,12,5.868320942,1.952485442,8.349923134
477.1981256,-506.4383098,411.8670694,0.000419921875,7.8125e-05,-0.003627929687,811.71875,72.55859375,35.7421875,14,12,5.861518383,1.952485442,8.349923134
477.1981256,-506.4383098,411.8670694,0.000419921875,7.8125e-05,-0.003627929687,811.71875,72.55859375,35.7421875,14,12,5.861518383,1.952485442,8.349923134
477.1981256,-506.4383098,411.8670694,0.000419921875,7.8125e-05,-0.003627929687,811.71875,72.55859375,35.7421875,14,12,5.851377964,1.952485442,8.349923134
477.1981256,-506.4383098,411.8670694,0.000419921875,7.8125e-05,-0.003627929687,811.71875,72.55859375,35.7421875,14,12,5.851377964,1.952485442,8.349923134
477.1981256,-506.4383098,411.8670694,0.000419921875,7.8125e-05,-0.003627929687,811.71875,72.55859375,35.7421875,14,12,5.854588985,1.952485442,8.349923134
477.1981256,-506.4383098,411.8670694,0.000419921875,7.8125e-05,-0.003627929687,811.71875,72.55859375,35.7421875,14,12,5.854588985,1.952485442,8.349923134
477.1981256,-506.4383098,411.8670694,0.000419921875,7.8125e-05,-0.003627929687,811.71875,72.55859375,35.7421875,14,12,5.853127003,1.952485442,8.742016792
477.1981256,-506.4383098,411.8670694,0.000419921875,7.8125e-05,-0.003627929687,811.71875,72.55859375,35.7421875,14,12,5.853127003,1.36121583,8.742016792
477.1981256,-506.4383098,411.8670694,0.000419921875,7.8125e-05,-0.003627929687,811.71875,72.55859375,35.7421875,14,12,5.86368084,1.36121583,8.742016792
477.1981256,-506.4383098,411.8670694,0.000419921875,7.8125e-05,-0.003627929687,811.71875,72.55859375,35.7421875,14,12,5.86368084,1.36121583,8.742016792
477.1981256,-506.4383098,411.8670694,0.000419921875,7.8125e-05,-0.003627929687,811.71875,72.55859375,35.7421875,14,12,5.842859268,1.36121583,8.742016792
477.1981256,-506.4383098,411.8670694,0.000419921875,7.8125e-05,-0.003627929687,811.71875,72.55859375,35.7421875,14,12,5.842859268,1.36121583,8.742016792
477.1981256,-506.4383098,411.8670694,0.000419921875,7.8125e-05,-0.003627929687,811.71875,72.55859375,35.7421875,14,12,5.837391376,1.36121583,8.742016792
477.1981256,-506.4383098,411.8670694,0.000419921875,7.8125e-05,-0.003627929687,811.71875,72.55859375,35.7421875,14,12,5.837391376,1.36121583,8.742016792
477.1981256,-506.4383098,411.8670694,0.000419921875,7.8125e-05,-0.003627929687,811.71875,72.55859375,35.7421875,14,12,5.840602398,1.36121583,8.742016792
477.1981256,-506.4383098,411.8670694,0.000419921875,7.8125e-05,-0.003627929687,811.71875,72.55859375,35.7421875,14,12,5.840602398,1.36121583,8.742016792
477.1981256,-506.4383098,411.8670694,0.000419921875,7.8125e-05,-0.003627929687,811.71875,72.55859375,35.7421875,14,12,5.819780827,1.36121583,8.763624191
477.1981256,-506.4383098,411.8670694,0.000419921875,7.8125e-05,-0.003627929687,811.71875,72.55859375,35.7421875,14,12,5.819780827,0.4967530966,8.763624191
477.1981256,-506.4383098,411.8670694,0.000419921875,7.8125e-05,-0.003627929687,811.71875,72.55859375,35.7421875,14,12,5.828332424,0.4967530966,8.763624191
477.1981256,-506.4383098,411.8670694,0.000419921875,7.8125e-05,-0.003627929687,811.71875,72.55859375,35.7421875,14,12,5.828332424,0.4967530966,8.763624191
477.1981256,-506.4383098,411.8670694,0.000419921875,7.8125e-05,-0.003627929687,811.71875,72.55859375,35.7421875,14,12,5.836215973,0.4967530966,8.763624191
477.1981256,-506.4383098,411.8670694,0.000419921875,7.8125e-05,-0.003627929687,811.71875,72.55859375,35.7421875,14,12,5.836215973,0.4967530966,8.763624191
477.1981256,-506.4383098,411.8670694,0.000419921875,7.8125e-05,-0.003627929687,811.71875,72.55859375,35.7421875,14,12,5.829413414,0.4967530966,8.763624191
477.1981256,-506.4383098,411.8670694,0.000419921875,7.8125e-05,-0.003627929687,811.71875,72.55859375,35.7421875,14,12,5.829413414,0.4967530966,8.763624191
477.1981256,-506.4383098,411.8670694,0.000419921875,7.8125e-05,-0.003627929687,811.71875,72.55859375,35.7421875,14,12,5.817270279,0.4967530966,8.763624191
477.1981256,-506.4383098,411.8670694,0.000419921875,7.8125e-05,-0.003627929687,811.71875,72.55859375,35.7421875,14,12,5.817270279,0.4967530966,8.763624191
477.1981256,-506.4383098,411.8670694,0.000419921875,7.8125e-05,-0.003627929687,811.71875,72.55859375,35.7421875,14,12,5.816475391,0.4967530966,8.545968056
477.1981256,-506.4383098,411.8670694,0.000419921875,7.8125e-05,-0.003627929687,811.71875,72.55859375,35.7421875,14,12,5.816475391,0.0853580758,8.545968056
477.24561,-506.4397454,411.860415,0.002055664063,-0.001616210938,0.00244140625,949.7070312,-28.7109375,-133.1054688,14,12,5.814345837,0.0853580758,8.545968056
477.24561,-506.4397454,411.860415,0.002055664063,-0.001616210938,0.00244140625,949.7070312,-28.7109375,-133.1054688,14,12,5.814345837,0.0853580758,8.545968056
477.24561,-506.4397454,411.860415,0.002055664063,-0.001616210938,0.00244140625,949.7070312,-28.7109375,-133.1054688,14,12,5.821561813,0.0853580758,8.545968056
477.24561,-506.4397454,411.860415,0.002055664063,-0.001616210938,0.00244140625,949.7070312,-28.7109375,-133.1054688,14,12,5.821561813,0.0853580758,8.545968056
477.24561,-506.4397454,411.860415,0.002055664063,-0.001616210938,0.00244140625,949.7070312,-28.7109375,-133.1054688,14,12,5.794064522,0.0853580758,8.545968056
477.24561,-506.4397454,411.860415,0.002055664063,-0.001616210938,0.00244140625,949.7070312,-28.7109375,-133.1054688,14,12,5.794064522,0.0853580758,8.545968056
477.24561,-506.4397454,411.860415,0.002055664063,-0.001616210938,0.00244140625,949.7070312,-28.7109375,-133.1054688,14,12,5.799945831,0.0853580758,8.545968056
477.24561,-506.4397454,411.860415,0.002055664063,-0.001616210938,0.00244140625,949.7070312,-28.7109375,-133.1054688,14,12,5.799945831,0.0853580758,8.545968056
477.24561,-506.4397454,411.860415,0.002055664063,-0.001616210938,0.00244140625,949.7070312,-28.7109375,-133.1054688,14,12,5.800486565,0.0853580758,7.922933578
477.24561,-506.4397454,411.860415,0.002055664063,-0.001616210938,0.00244140625,949.7070312,-28.7109375,-133.1054688,14,12,5.800486565,0.2458497286,7.922933578
477.24561,-506.4397454,411.860415,0.002055664063,-0.001616210938,0.00244140625,949.7070312,-28.7109375,-133.1054688,14,12,5.800359249,0.2458497286,7.922933578
477.24561,-506.4397454,411.860415,0.002055664063,-0.001616210938,0.00244140625,949.7070312,-28.7109375,-133.1054688,14,12,5.800359249,0.2458497286,7.922933578
477.24561,-506.4397454,411.860415,0.002055664063,-0.001616210938,0.00244140625,949.7070312,-28.7109375,-133.1054688,14,12,5.797561646,0.2458497286,7.922933578
477.24561,-506.4397454,411.860415,0.002055664063,-0.001616210938,0.00244140625,949.7070312,-28.7109375,-133.1054688,14,12,5.797561646,0.2458497286,7.922933578
477.24561,-506.4397454,411.860415,0.002055664063,-0.001616210938,0.00244140625,949.7070312,-28.7109375,-133.1054688,14,12,5.787421227,0.2458497286,7.922933578
477.24561,-506.4397454,411.860415,0.002055664063,-0.001616210938,0.00244140625,949.7070312,-28.7109375,-133.1054688,14,12,5.787421227,0.2458497286,7.922933578
477.24561,-506.4397454,411.860415,0.002055664063,-0.001616210938,0.00244140625,949.7070312,-28.7109375,-133.1054688,14,12,5.792634487,0.2458497286,7.922933578
477.24561,-506.4397454,411.860415,0.002055664063,-0.001616210938,0.00244140625,949.7070312,-28.7109375,-133.1054688,14,12,5.792634487,0.2458497286,7.922933578
477.24561,-506.4397454,411.860415,0.002055664063,-0.001616210938,0.00244140625,949.7070312,-28.7109375,-133.1054688,14,12,5.813869476,0.2458497286,7.273357868
477.24561,-506.4397454,411.860415,0.002055664063,-0.001616210938,0.00244140625,949.7070312,-28.7109375,-133.1054688,14,12,5.813869476,0.02675559372,7.273357868
477.24561,-506.4397454,411.860415,0.002055664063,-0.001616210938,0.00244140625,949.7070312,-28.7109375,-133.1054688,14,12,5.788374901,0.02675559372,7.273357868
477.24561,-506.4397454,411.860415,0.002055664063,-0.001616210938,0.00244140625,949.7070312,-28.7109375,-133.1054688,14,12,5.788374901,0.02675559372,7.273357868
477.24561,-506.4397454,411.860415,0.002055664063,-0.001616210938,0.00244140625,949.7070312,-28.7109375,-133.1054688,14,12,5.786912918,0.02675559372,7.273357868
477.24561,-506.4397454,411.860415,0.002055664063,-0.001616210938,0.00244140625,949.7070312,-28.7109375,-133.1054688,14,12,5.786912918,0.02675559372,7.273357868
477.24561,-506.4397454,411.860415,0.002055664063,-0.001616210938,0.00244140625,949.7070312,-28.7109375,-133.1054688,14,12,5.800137043,0.02675559372,7.273357868
477.24561,-506.4397454,411.860415,0.002055664063,-0.001616210938,0.00244140625,949.7070312,-28.7109375,-133.1054688,14,12,5.800137043,0.02675559372,7.273357868
477.24561,-506.4397454,411.860415,0.002055664063,-0.001616210938,0.00244140625,949.7070312,-28.7109375,-133.1054688,14,12,5.800009727,0.02675559372,7.273357868
477.24561,-506.4397454,411.860415,0.002055664063,-0.001616210938,0.00244140625,949.7070312,-28.7109375,-133.1054688,14,12,5.800009727,0.02675559372,7.273357868
477.24561,-506.4397454,411.860415,0.002055664063,-0.001616210938,0.00244140625,949.7070312,-28.7109375,-133.1054688,14,12,5.792539597,0.02675559372,7.029379845
477.24561,-506.4397454,411.860415,0.002055664063,-0.001616210938,0.00244140625,949.7070312,-28.7109375,-133.1054688,14,12,5.792539597,0.5401661396,7.029379845
477.294447,-506.4420647,411.8651816,-0.002749023437,0.001376953125,0.002626953125,976.7578125,-46.38671875,95.3125,14,12,5.776390553,0.5401661396,7.029379845
477.294447,-506.4420647,411.8651816,-0.002749023437,0.001376953125,0.002626953125,976.7578125,-46.38671875,95.3125,14,12,5.776390553,0.5401661396,7.029379845
477.294447,-506.4420647,411.8651816,-0.002749023437,0.001376953125,0.002626953125,976.7578125,-46.38671875,95.3125,14,12,5.782271862,0.5401661396,7.029379845
477.294447,-506.4420647,411.8651816,-0.002749023437,0.001376953125,0.002626953125,976.7578125,-46.38671875,95.3125,14,12,5.782271862,0.5401661396,7.029379845
477.294447,-506.4420647,411.8651816,-0.002749023437,0.001376953125,0.002626953125,976.7578125,-46.38671875,95.3125,14,12,5.805509567,0.5401661396,7.029379845
477.294447,-506.4420647,411.8651816,-0.002749023437,0.001376953125,0.002626953125,976.7578125,-46.38671875,95.3125,14,12,5.805509567,0.5401661396,7.029379845
477.294447,-506.4420647,411.8651816,-0.002749023437,0.001376953125,0.002626953125,976.7578125,-46.38671875,95.3125,14,12,5.800041676,0.5401661396,7.029379845
477.294447,-506.4420647,411.8651816,-0.002749023437,0.001376953125,0.002626953125,976.7578125,-46.38671875,95.3125,14,12,5.800041676,0.5401661396,7.029379845
477.294447,-506.4420647,411.8651816,-0.002749023437,0.001376953125,0.002626953125,976.7578125,-46.38671875,95.3125,14,12,5.78656292,0.5401661396,7.112158775
477.294447,-506.4420647,411.8651816,-0.002749023437,0.001376953125,0.002626953125,976.7578125,-46.38671875,95.3125,14,12,5.78656292,1.415755391,7.112158775
477.294447,-506.4420647,411.8651816,-0.002749023437,0.001376953125,0.002626953125,976.7578125,-46.38671875,95.3125,14,12,5.79177618,1.415755391,7.112158775
477.294447,-506.4420647,411.8651816,-0.002749023437,0.001376953125,0.002626953125,976.7578125,-46.38671875,95.3125,14,12,5.79177618,1.415755391,7.112158775
477.294447,-506.4420647,411.8651816,-0.002749023437,0.001376953125,0.002626953125,976.7578125,-46.38671875,95.3125,14,12,5.798325062,1.415755391,7.112158775
477.294447,-506.4420647,411.8651816,-0.002749023437,0.001376953125,0.002626953125,976.7578125,-46.38671875,95.3125,14,12,5.798325062,1.415755391,7.112158775
477.294447,-506.4420647,411.8651816,-0.002749023437,0.001376953125,0.002626953125,976.7578125,-46.38671875,95.3125,14,12,5.801536083,1.415755391,7.112158775
477.294447,-506.4420647,411.8651816,-0.002749023437,0.001376953125,0.002626953125,976.7578125,-46.38671875,95.3125,14,12,5.801536083,1.415755391,7.112158775
477.294447,-506.4420647,411.8651816,-0.002749023437,0.001376953125,0.002626953125,976.7578125,-46.38671875,95.3125,14,12,5.796068192,1.415755391,7.112158775
477.294447,-506.4420647,411.8651816,-0.002749023437,0.001376953125,0.002626953125,976.7578125,-46.38671875,95.3125,14,12,5.796068192,1.415755391,7.112158775
477.294447,-506.4420647,411.8651816,-0.002749023437,0.001376953125,0.002626953125,976.7578125,-46.38671875,95.3125,14,12,5.782589436,1.415755391,7.574037552
477.294447,-506.4420647,411.8651816,-0.002749023437,0.001376953125,0.002626953125,976.7578125,-46.38671875,95.3125,14,12,5.782589436,2.004024506,7.574037552
477.294447,-506.4420647,411.8651816,-0.002749023437,0.001376953125,0.002626953125,976.7578125,-46.38671875,95.3125,14,12,5.806494713,2.004024506,7.574037552
477.294447,-506.4420647,411.8651816,-0.002749023437,0.001376953125,0.002626953125,976.7578125,-46.38671875,95.3125,14,12,5.806494713,2.004024506,7.574037552
477.294447,-506.4420647,411.8651816,-0.002749023437,0.001376953125,0.002626953125,976.7578125,-46.38671875,95.3125,14,12,5.807035446,2.004024506,7.574037552
477.294447,-506.4420647,411.8651816,-0.002749023437,0.001376953125,0.002626953125,976.7578125,-46.38671875,95.3125,14,12,5.807035446,2.004024506,7.574037552
477.294447,-506.4420647,411.8651816,-0.002749023437,0.001376953125,0.002626953125,976.7578125,-46.38671875,95.3125,14,12,5.792889118,2.004024506,7.574037552
477.294447,-506.4420647,411.8651816,-0.002749023437,0.001376953125,0.002626953125,976.7578125,-46.38671875,95.3125,14,12,5.792889118,2.004024506,7.574037552
477.294447,-506.4420647,411.8651816,-0.002749023437,0.001376953125,0.002626953125,976.7578125,-46.38671875,95.3125,14,12,5.797434807,2.004024506,7.574037552
477.294447,-506.4420647,411.8651816,-0.002749023437,0.001376953125,0.002626953125,976.7578125,-46.38671875,95.3125,14,12,5.797434807,2.004024506,7.574037552
477.294447,-506.4420647,411.8651816,-0.002749023437,0.001376953125,0.002626953125,976.7578125,-46.38671875,95.3125,14,12,5.803983688,2.004024506,8.349923134
477.294447,-506.4420647,411.8651816,-0.002749023437,0.001376953125,0.002626953125,976.7578125,-46.38671875,95.3125,14,12,5.803983688,1.947299123,8.349923134
477.3350808,-506.4386712,411.8687909,0.0001611328125,0.0008056640625,-0.004150390625,812.6953125,67.87109375,72.16796875,14,12,5.809196949,1.947299123,8.349923134
477.3350808,-506.4386712,411.8687909,0.0001611328125,0.0008056640625,-0.004150390625,812.6953125,67.87109375,72.16796875,14,12,5.809196949,1.947299123,8.349923134
477.3350808,-506.4386712,411.8687909,0.0001611328125,0.0008056640625,-0.004150390625,812.6953125,67.87109375,72.16796875,14,12,5.809737682,1.947299123,8.349923134
477.3350808,-506.4386712,411.8687909,0.0001611328125,0.0008056640625,-0.004150390625,812.6953125,67.87109375,72.16796875,14,12,5.809737682,1.947299123,8.349923134
477.3350808,-506.4386712,411.8687909,0.0001611328125,0.0008056640625,-0.004150390625,812.6953125,67.87109375,72.16796875,14,12,5.789583683,1.947299123,8.349923134
477.3350808,-506.4386712,411.8687909,0.0001611328125,0.0008056640625,-0.004150390625,812.6953125,67.87109375,72.16796875,14,12,5.789583683,1.947299123,8.349923134
477.3350808,-506.4386712,411.8687909,0.0001611328125,0.0008056640625,-0.004150390625,812.6953125,67.87109375,72.16796875,14,12,5.7881217,1.947299123,8.349923134
477.3350808,-506.4386712,411.8687909,0.0001611328125,0.0008056640625,-0.004150390625,812.6953125,67.87109375,72.16796875,14,12,5.7881217,1.947299123,8.349923134
477.3350808,-506.4386712,411.8687909,0.0001611328125,0.0008056640625,-0.004150390625,812.6953125,67.87109375,72.16796875,14,12,5.802013874,1.947299123,8.763624191
477.3350808,-506.4386712,411.8687909,0.0001611328125,0.0008056640625,-0.004150390625,812.6953125,67.87109375,72.16796875,14,12,5.802013874,1.533799052,8.763624191
477.3350808,-506.4386712,411.8687909,0.0001611328125,0.0008056640625,-0.004150390625,812.6953125,67.87109375,72.16796875,14,12,5.774516582,1.533799052,8.763624191
477.3350808,-506.4386712,411.8687909,0.0001611328125,0.0008056640625,-0.004150390625,812.6953125,67.87109375,72.16796875,14,12,5.774516582,1.533799052,8.763624191
477.3350808,-506.4386712,411.8687909,0.0001611328125,0.0008056640625,-0.004150390625,812.6953125,67.87109375,72.16796875,14,12,5.780397892,1.533799052,8.763624191
477.3350808,-506.4386712,411.8687909,0.0001611328125,0.0008056640625,-0.004150390625,812.6953125,67.87109375,72.16796875,14,12,5.780397892,1.533799052,8.763624191
477.3350808,-506.4386712,411.8687909,0.0001611328125,0.0008056640625,-0.004150390625,812.6953125,67.87109375,72.16796875,14,12,5.779603004,1.533799052,8.763624191
477.3350808,-506.4386712,411.8687909,0.0001611328125,0.0008056640625,-0.004150390625,812.6953125,67.87109375,72.16796875,14,12,5.779603004,1.533799052,8.763624191
477.3350808,-506.4386712,411.8687909,0.0001611328125,0.0008056640625,-0.004150390625,812.6953125,67.87109375,72.16796875,14,12,5.774803162,1.533799052,8.763624191
477.3350808,-506.4386712,411.8687909,0.0001611328125,0.0008056640625,-0.004150390625,812.6953125,67.87109375,72.16796875,14,12,5.774803162,1.533799052,8.763624191
477.3350808,-506.4386712,411.8687909,0.0001611328125,0.0008056640625,-0.004150390625,812.6953125,67.87109375,72.16796875,14,12,5.772005558,1.533799052,8.77691555
477.3350808,-506.4386712,411.8687909,0.0001611328125,0.0008056640625,-0.004150390625,812.6953125,67.87109375,72.16796875,14,12,5.772005558,0.827493608,8.77691555
477.3350808,-506.4386712,411.8687909,0.0001611328125,0.0008056640625,-0.004150390625,812.6953125,67.87109375,72.16796875,14,12,5.769207954,0.827493608,8.77691555
477.3350808,-506.4386712,411.8687909,0.0001611328125,0.0008056640625,-0.004150390625,812.6953125,67.87109375,72.16796875,14,12,5.769207954,0.827493608,8.77691555
477.3350808,-506.4386712,411.8687909,0.0001611328125,0.0008056640625,-0.004150390625,812.6953125,67.87109375,72.16796875,14,12,5.771083355,0.827493608,8.77691555
477.3350808,-506.4386712,411.8687909,0.0001611328125,0.0008056640625,-0.004150390625,812.6953125,67.87109375,72.16796875,14,12,5.771083355,0.827493608,8.77691555
477.3350808,-506.4386712,411.8687909,0.0001611328125,0.0008056640625,-0.004150390625,812.6953125,67.87109375,72.16796875,14,12,5.756269932,0.827493608,8.77691555
477.3350808,-506.4386712,411.8687909,0.0001611328125,0.0008056640625,-0.004150390625,812.6953125,67.87109375,72.16796875,14,12,5.756269932,0.827493608,8.77691555
477.3350808,-506.4386712,411.8687909,0.0001611328125,0.0008056640625,-0.004150390625,812.6953125,67.87109375,72.16796875,14,12,5.757478237,0.827493608,8.77691555
477.3350808,-506.4386712,411.8687909,0.0001611328125,0.0008056640625,-0.004150390625,812.6953125,67.87109375,72.16796875,14,12,5.757478237,0.827493608,8.77691555
477.3350808,-506.4386712,411.8687909,0.0001611328125,0.0008056640625,-0.004150390625,812.6953125,67.87109375,72.16796875,14,12,5.757350922,0.827493608,8.559381485
477.3350808,-506.4386712,411.8687909,0.0001611328125,0.0008056640625,-0.004150390625,812.6953125,67.87109375,72.16796875,14,12,5.757350922,0.1351355314,8.559381485
477.3813836,-506.4387786,411.8614871,0.002548828125,-0.002416992188,0.0003857421875,926.0742188,-2.1484375,-146.09375,14,12,5.757891655,0.1351355314,8.559381485
477.3813836,-506.4387786,411.8614871,0.002548828125,-0.002416992188,0.0003857421875,926.0742188,-2.1484375,-146.09375,14,12,5.757891655,0.1351355314,8.559381485
477.3813836,-506.4387786,411.8614871,0.002548828125,-0.002416992188,0.0003857421875,926.0742188,-2.1484375,-146.09375,14,12,5.755094051,0.1351355314,8.559381485
477.3813836,-506.4387786,411.8614871,0.002548828125,-0.002416992188,0.0003857421875,926.0742188,-2.1484375,-146.09375,14,12,5.755094051,0.1351355314,8.559381485
477.3813836,-506.4387786,411.8614871,0.002548828125,-0.002416992188,0.0003857421875,926.0742188,-2.1484375,-146.09375,14,12,5.751628876,0.1351355314,8.559381485
477.3813836,-506.4387786,411.8614871,0.002548828125,-0.002416992188,0.0003857421875,926.0742188,-2.1484375,-146.09375,14,12,5.751628876,0.1351355314,8.559381485
477.3813836,-506.4387786,411.8614871,0.002548828125,-0.002416992188,0.0003857421875,926.0742188,-2.1484375,-146.09375,14,12,5.750833988,0.1351355314,8.559381485
477.3813836,-506.4387786,411.8614871,0.002548828125,-0.002416992188,0.0003857421875,926.0742188,-2.1484375,-146.09375,14,12,5.750833988,0.1351355314,8.559381485
477.3813836,-506.4387786,411.8614871,0.002548828125,-0.002416992188,0.0003857421875,926.0742188,-2.1484375,-146.09375,14,12,5.761387825,0.1351355314,8.062571526
477.3813836,-506.4387786,411.8614871,0.002548828125,-0.002416992188,0.0003857421875,926.0742188,-2.1484375,-146.09375,14,12,5.761387825,0.1324108392,8.062571526
477.3813836,-506.4387786,411.8614871,0.002548828125,-0.002416992188,0.0003857421875,926.0742188,-2.1484375,-146.09375,14,12,5.759925842,0.1324108392,8.062571526
477.3813836,-506.4387786,411.8614871,0.002548828125,-0.002416992188,0.0003857421875,926.0742188,-2.1484375,-146.09375,14,12,5.759925842,0.1324108392,8.062571526
477.3813836,-506.4387786,411.8614871,0.002548828125,-0.002416992188,0.0003857421875,926.0742188,-2.1484375,-146.09375,14,12,5.746447086,0.1324108392,8.062571526
477.3813836,-506.4387786,411.8614871,0.002548828125,-0.002416992188,0.0003857421875,926.0742188,-2.1484375,-146.09375,14,12,5.746447086,0.1324108392,8.062571526
477.3813836,-506.4387786,411.8614871,0.002548828125,-0.002416992188,0.0003857421875,926.0742188,-2.1484375,-146.09375,14,12,5.76033926,0.1324108392,8.062571526
477.3813836,-506.4387786,411.8614871,0.002548828125,-0.002416992188,0.0003857421875,926.0742188,-2.1484375,-146.09375,14,12,5.76033926,0.1324108392,8.062571526
477.3813836,-506.4387786,411.8614871,0.002548828125,-0.002416992188,0.0003857421875,926.0742188,-2.1484375,-146.09375,14,12,5.764217854,0.1324108392,8.062571526
477.3813836,-506.4387786,411.8614871,0.002548828125,-0.002416992188,0.0003857421875,926.0742188,-2.1484375,-146.09375,14,12,5.764217854,0.1324108392,8.062571526
477.3813836,-506.4387786,411.8614871,0.002548828125,-0.002416992188,0.0003857421875,926.0742188,-2.1484375,-146.09375,14,12,5.772101402,0.1324108392,7.356341839
477.3813836,-506.4387786,411.8614871,0.002548828125,-0.002416992188,0.0003857421875,926.0742188,-2.1484375,-146.09375,14,12,5.772101402,0.02675559185,7.356341839
477.3813836,-506.4387786,411.8614871,0.002548828125,-0.002416992188,0.0003857421875,926.0742188,-2.1484375,-146.09375,14,12,5.755952358,0.02675559185,7.356341839
477.3813836,-506.4387786,411.8614871,0.002548828125,-0.002416992188,0.0003857421875,926.0742188,-2.1484375,-146.09375,14,12,5.755952358,0.02675559185,7.356341839
477.3813836,-506.4387786,411.8614871,0.002548828125,-0.002416992188,0.0003857421875,926.0742188,-2.1484375,-146.09375,14,12,5.764503956,0.02675559185,7.356341839
477.3813836,-506.4387786,411.8614871,0.002548828125,-0.002416992188,0.0003857421875,926.0742188,-2.1484375,-146.09375,14,12,5.764503956,0.02675559185,7.356341839
477.3813836,-506.4387786,411.8614871,0.002548828125,-0.002416992188,0.0003857421875,926.0742188,-2.1484375,-146.09375,14,12,5.784404278,0.02675559185,7.356341839
477.3813836,-506.4387786,411.8614871,0.002548828125,-0.002416992188,0.0003857421875,926.0742188,-2.1484375,-146.09375,14,12,5.784404278,0.02675559185,7.356341839
477.3813836,-506.4387786,411.8614871,0.002548828125,-0.002416992188,0.0003857421875,926.0742188,-2.1484375,-146.09375,14,12,5.789617538,0.02675559185,7.356341839
477.3813836,-506.4387786,411.8614871,0.002548828125,-0.002416992188,0.0003857421875,926.0742188,-2.1484375,-146.09375,14,12,5.789617538,0.02675559185,7.356341839
477.3813836,-506.4387786,411.8614871,0.002548828125,-0.002416992188,0.0003857421875,926.0742188,-2.1484375,-146.09375,14,12,5.772800922,0.02675559185,7.007558346
477.3813836,-506.4387786,411.8614871,0.002548828125,-0.002416992188,0.0003857421875,926.0742188,-2.1484375,-146.09375,14,12,5.772800922,0.4310950637,7.007558346
477.4314804,-506.441845,411.8638415,-0.002504882812,0.0009228515625,0.003081054687,1001.953125,-61.328125,47.0703125,14,12,5.780684471,0.4310950637,7.007558346
477.4314804,-506.441845,411.8638415,-0.002504882812,0.0009228515625,0.003081054687,1001.953125,-61.328125,47.0703125,14,12,5.780684471,0.4310950637,7.007558346
477.4314804,-506.441845,411.8638415,-0.002504882812,0.0009228515625,0.003081054687,1001.953125,-61.328125,47.0703125,14,12,5.803255081,0.4310950637,7.007558346
477.4314804,-506.441845,411.8638415,-0.002504882812,0.0009228515625,0.003081054687,1001.953125,-61.328125,47.0703125,14,12,5.803255081,0.4310950637,7.007558346
477.4314804,-506.441845,411.8638415,-0.002504882812,0.0009228515625,0.003081054687,1001.953125,-61.328125,47.0703125,14,12,5.806466103,0.4310950637,7.007558346
477.4314804,-506.441845,411.8638415,-0.002504882812,0.0009228515625,0.003081054687,1001.953125,-61.328125,47.0703125,14,12,5.806466103,0.4310950637,7.007558346
477.4314804,-506.441845,411.8638415,-0.002504882812,0.0009228515625,0.003081054687,1001.953125,-61.328125,47.0703125,14,12,5.805671215,0.4310950637,7.007558346
477.4314804,-506.441845,411.8638415,-0.002504882812,0.0009228515625,0.003081054687,1001.953125,-61.328125,47.0703125,14,12,5.805671215,0.4310950637,7.007558346
477.4314804,-506.441845,411.8638415,-0.002504882812,0.0009228515625,0.003081054687,1001.953125,-61.328125,47.0703125,14,12,5.801538944,0.4310950637,6.720025539
477.4314804,-506.441845,411.8638415,-0.002504882812,0.0009228515625,0.003081054687,1001.953125,-61.328125,47.0703125,14,12,5.801538944,1.277827263,6.720025539
477.4314804,-506.441845,411.8638415,-0.002504882812,0.0009228515625,0.003081054687,1001.953125,-61.328125,47.0703125,14,12,5.817433357,1.277827263,6.720025539
477.4314804,-506.441845,411.8638415,-0.002504882812,0.0009228515625,0.003081054687,1001.953125,-61.328125,47.0703125,14,12,5.817433357,1.277827263,6.720025539
477.4314804,-506.441845,411.8638415,-0.002504882812,0.0009228515625,0.003081054687,1001.953125,-61.328125,47.0703125,14,12,5.834663391,1.277827263,6.720025539
477.4314804,-506.441845,411.8638415,-0.002504882812,0.0009228515625,0.003081054687,1001.953125,-61.328125,47.0703125,14,12,5.834663391,1.277827263,6.720025539
477.4314804,-506.441845,411.8638415,-0.002504882812,0.0009228515625,0.003081054687,1001.953125,-61.328125,47.0703125,14,12,5.823854923,1.277827263,6.720025539
477.4314804,-506.441845,411.8638415,-0.002504882812,0.0009228515625,0.003081054687,1001.953125,-61.328125,47.0703125,14,12,5.823854923,1.277827263,6.720025539
477.4314804,-506.441845,411.8638415,-0.002504882812,0.0009228515625,0.003081054687,1001.953125,-61.328125,47.0703125,14,12,5.819722652,1.277827263,6.720025539
477.4314804,-506.441845,411.8638415,-0.002504882812,0.0009228515625,0.003081054687,1001.953125,-61.328125,47.0703125,14,12,5.819722652,1.277827263,6.720025539
477.4314804,-506.441845,411.8638415,-0.002504882812,0.0009228515625,0.003081054687,1001.953125,-61.328125,47.0703125,14,12,5.828941822,1.277827263,7.181908131
477.4314804,-506.441845,411.8638415,-0.002504882812,0.0009228515625,0.003081054687,1001.953125,-61.328125,47.0703125,14,12,5.828941822,1.898850203,7.181908131
477.4314804,-506.441845,411.8638415,-0.002504882812,0.0009228515625,0.003081054687,1001.953125,-61.328125,47.0703125,14,12,5.85084486,1.898850203,7.181908131
477.4314804,-506.441845,411.8638415,-0.002504882812,0.0009228515625,0.003081054687,1001.953125,-61.328125,47.0703125,14,12,5.85084486,1.898850203,7.181908131
477.4314804,-506.441845,411.8638415,-0.002504882812,0.0009228515625,0.003081054687,1001.953125,-61.328125,47.0703125,14,12,5.848715305,1.898850203,7.181908131
477.4314804,-506.441845,411.8638415,-0.002504882812,0.0009228515625,0.003081054687,1001.953125,-61.328125,47.0703125,14,12,5.848715305,1.898850203,7.181908131
477.4314804,-506.441845,411.8638415,-0.002504882812,0.0009228515625,0.003081054687,1001.953125,-61.328125,47.0703125,14,12,5.835236549,1.898850203,7.181908131
477.4314804,-506.441845,411.8638415,-0.002504882812,0.0009228515625,0.003081054687,1001.953125,-61.328125,47.0703125,14,12,5.835236549,1.898850203,7.181908131
477.4314804,-506.441845,411.8638415,-0.002504882812,0.0009228515625,0.003081054687,1001.953125,-61.328125,47.0703125,14,12,5.847126007,1.898850203,7.181908131
477.4314804,-506.441845,411.8638415,-0.002504882812,0.0009228515625,0.003081054687,1001.953125,-61.328125,47.0703125,14,12,5.847126007,1.898850203,7.181908131
477.4314804,-506.441845,411.8638415,-0.002504882812,0.0009228515625,0.003081054687,1001.953125,-61.328125,47.0703125,14,12,5.860350132,1.898850203,7.931303978
477.4314804,-506.441845,411.8638415,-0.002504882812,0.0009228515625,0.003081054687,1001.953125,-61.328125,47.0703125,14,12,5.860350132,2.03930068,7.931303978
477.4731055,-506.4391692,411.8679928,-0.0016015625,0.001411132813,-0.002744140625,832.5195313,53.515625,83.0078125,14,12,5.858888149,2.03930068,7.931303978
477.4731055,-506.4391692,411.8679928,-0.0016015625,0.001411132813,-0.002744140625,832.5195313,53.515625,83.0078125,14,12,5.858888149,2.03930068,7.931303978
477.4731055,-506.4391692,411.8679928,-0.0016015625,0.001411132813,-0.002744140625,832.5195313,53.515625,83.0078125,14,12,5.854755878,2.03930068,7.931303978
477.4731055,-506.4391692,411.8679928,-0.0016015625,0.001411132813,-0.002744140625,832.5195313,53.515625,83.0078125,14,12,5.854755878,2.03930068,7.931303978
477.4731055,-506.4391692,411.8679928,-0.0016015625,0.001411132813,-0.002744140625,832.5195313,53.515625,83.0078125,14,12,5.859301567,2.03930068,7.931303978
477.4731055,-506.4391692,411.8679928,-0.0016015625,0.001411132813,-0.002744140625,832.5195313,53.515625,83.0078125,14,12,5.859301567,2.03930068,7.931303978
477.4731055,-506.4391692,411.8679928,-0.0016015625,0.001411132813,-0.002744140625,832.5195313,53.515625,83.0078125,14,12,5.869187832,2.03930068,7.931303978
477.4731055,-506.4391692,411.8679928,-0.0016015625,0.001411132813,-0.002744140625,832.5195313,53.515625,83.0078125,14,12,5.869187832,2.03930068,7.931303978
477.4731055,-506.4391692,411.8679928,-0.0016015625,0.001411132813,-0.002744140625,832.5195313,53.515625,83.0078125,14,12,5.865722656,2.03930068,8.401968002
477.4731055,-506.4391692,411.8679928,-0.0016015625,0.001411132813,-0.002744140625,832.5195313,53.515625,83.0078125,14,12,5.865722656,1.793556094,8.401968002
477.4731055,-506.4391692,411.8679928,-0.0016015625,0.001411132813,-0.002744140625,832.5195313,53.515625,83.0078125,14,12,5.864927769,1.793556094,8.401968002
477.4731055,-506.4391692,411.8679928,-0.0016015625,0.001411132813,-0.002744140625,832.5195313,53.515625,83.0078125,14,12,5.864927769,1.793556094,8.401968002
477.4731055,-506.4391692,411.8679928,-0.0016015625,0.001411132813,-0.002744140625,832.5195313,53.515625,83.0078125,14,12,5.846108437,1.793556094,8.401968002
477.4731055,-506.4391692,411.8679928,-0.0016015625,0.001411132813,-0.002744140625,832.5195313,53.515625,83.0078125,14,12,5.846108437,1.793556094,8.401968002
477.4731055,-506.4391692,411.8679928,-0.0016015625,0.001411132813,-0.002744140625,832.5195313,53.515625,83.0078125,14,12,5.862670898,1.793556094,8.401968002
477.4731055,-506.4391692,411.8679928,-0.0016015625,0.001411132813,-0.002744140625,832.5195313,53.515625,83.0078125,14,12,5.862670898,1.793556094,8.401968002
477.4731055,-506.4391692,411.8679928,-0.0016015625,0.001411132813,-0.002744140625,832.5195313,53.515625,83.0078125,14,12,5.857203007,1.793556094,8.401968002
477.4731055,-506.4391692,411.8679928,-0.0016015625,0.001411132813,-0.002744140625,832.5195313,53.515625,83.0078125,14,12,5.857203007,1.793556094,8.401968002
477.4731055,-506.4391692,411.8679928,-0.0016015625,0.001411132813,-0.002744140625,832.5195313,53.515625,83.0078125,14,12,5.847062588,1.793556094,8.637337685
477.4731055,-506.4391692,411.8679928,-0.0016015625,0.001411132813,-0.002744140625,832.5195313,53.515625,83.0078125,14,12,5.847062588,1.066804886,8.637337685
477.4731055,-506.4391692,411.8679928,-0.0016015625,0.001411132813,-0.002744140625,832.5195313,53.515625,83.0078125,14,12,5.848937988,1.066804886,8.637337685
477.4731055,-506.4391692,411.8679928,-0.0016015625,0.001411132813,-0.002744140625,832.5195313,53.515625,83.0078125,14,12,5.848937988,1.066804886,8.637337685
477.4731055,-506.4391692,411.8679928,-0.0016015625,0.001411132813,-0.002744140625,832.5195313,53.515625,83.0078125,14,12,5.840132236,1.066804886,8.637337685
477.4731055,-506.4391692,411.8679928,-0.0016015625,0.001411132813,-0.002744140625,832.5195313,53.515625,83.0078125,14,12,5.840132236,1.066804886,8.637337685
477.4731055,-506.4391692,411.8679928,-0.0016015625,0.001411132813,-0.002744140625,832.5195313,53.515625,83.0078125,14,12,5.835999966,1.066804886,8.637337685
477.4731055,-506.4391692,411.8679928,-0.0016015625,0.001411132813,-0.002744140625,832.5195313,53.515625,83.0078125,14,12,5.835999966,1.066804886,8.637337685
477.4731055,-506.4391692,411.8679928,-0.0016015625,0.001411132813,-0.002744140625,832.5195313,53.515625,83.0078125,14,12,5.833870411,1.066804886,8.637337685
477.4731055,-506.4391692,411.8679928,-0.0016015625,0.001411132813,-0.002744140625,832.5195313,53.515625,83.0078125,14,12,5.833870411,1.066804886,8.637337685
477.4731055,-506.4391692,411.8679928,-0.0016015625,0.001411132813,-0.002744140625,832.5195313,53.515625,83.0078125,14,12,5.834411144,1.066804886,8.650679588
477.4731055,-506.4391692,411.8679928,-0.0016015625,0.001411132813,-0.002744140625,832.5195313,53.515625,83.0078125,14,12,5.834411144,0.3606569469,8.650679588
477.5177823,-506.4386907,411.8610406,0.002016601562,-0.002524414063,0.00033203125,893.5546875,9.5703125,-139.0625,14,12,5.827608585,0.3606569469,8.650679588
477.5177823,-506.4386907,411.8610406,0.002016601562,-0.002524414063,0.00033203125,893.5546875,9.5703125,-139.0625,14,12,5.827608585,0.3606569469,8.650679588
477.5177823,-506.4386907,411.8610406,0.002016601562,-0.002524414063,0.00033203125,893.5546875,9.5703125,-139.0625,14,12,5.828149319,0.3606569469,8.650679588
477.5177823,-506.4386907,411.8610406,0.002016601562,-0.002524414063,0.00033203125,893.5546875,9.5703125,-139.0625,14,12,5.828149319,0.3606569469,8.650679588
477.5177823,-506.4386907,411.8610406,0.002016601562,-0.002524414063,0.00033203125,893.5546875,9.5703125,-139.0625,14,12,5.819343567,0.3606569469,8.650679588
477.5177823,-506.4386907,411.8610406,0.002016601562,-0.002524414063,0.00033203125,893.5546875,9.5703125,-139.0625,14,12,5.819343567,0.3606569469,8.650679588
477.5177823,-506.4386907,411.8610406,0.002016601562,-0.002524414063,0.00033203125,893.5546875,9.5703125,-139.0625,14,12,5.815211296,0.3606569469,8.650679588
477.5177823,-506.4386907,411.8610406,0.002016601562,-0.002524414063,0.00033203125,893.5546875,9.5703125,-139.0625,14,12,5.815211296,0.3606569469,8.650679588
477.5177823,-506.4386907,411.8610406,0.002016601562,-0.002524414063,0.00033203125,893.5546875,9.5703125,-139.0625,14,12,5.813081741,0.3606569469,8.419733047
477.5177823,-506.4386907,411.8610406,0.002016601562,-0.002524414063,0.00033203125,893.5546875,9.5703125,-139.0625,14,12,5.813081741,0.1676298082,8.419733047
477.5177823,-506.4386907,411.8610406,0.002016601562,-0.002524414063,0.00033203125,893.5546875,9.5703125,-139.0625,14,12,5.80761385,0.1676298082,8.419733047
477.5177823,-506.4386907,411.8610406,0.002016601562,-0.002524414063,0.00033203125,893.5546875,9.5703125,-139.0625,14,12,5.80761385,0.1676298082,8.419733047
477.5177823,-506.4386907,411.8610406,0.002016601562,-0.002524414063,0.00033203125,893.5546875,9.5703125,-139.0625,14,12,5.804148674,0.1676298082,8.419733047
477.5177823,-506.4386907,411.8610406,0.002016601562,-0.002524414063,0.00033203125,893.5546875,9.5703125,-139.0625,14,12,5.804148674,0.1676298082,8.419733047
477.5177823,-506.4386907,411.8610406,0.002016601562,-0.002524414063,0.00033203125,893.5546875,9.5703125,-139.0625,14,12,5.808027267,0.1676298082,8.419733047
477.5177823,-506.4386907,411.8610406,0.002016601562,-0.002524414063,0.00033203125,893.5546875,9.5703125,-139.0625,14,12,5.808027267,0.1676298082,8.419733047
477.5177823,-506.4386907,411.8610406,0.002016601562,-0.002524414063,0.00033203125,893.5546875,9.5703125,-139.0625,14,12,5.799221516,0.1676298082,8.419733047
477.5177823,-506.4386907,411.8610406,0.002016601562,-0.002524414063,0.00033203125,893.5546875,9.5703125,-139.0625,14,12,5.799221516,0.1676298082,8.419733047
477.5177823,-506.4386907,411.8610406,0.002016601562,-0.002524414063,0.00033203125,893.5546875,9.5703125,-139.0625,14,12,5.805102825,0.1676298082,7.804978371
477.5177823,-506.4386907,411.8610406,0.002016601562,-0.002524414063,0.00033203125,893.5546875,9.5703125,-139.0625,14,12,5.805102825,0.2574468553,7.804978371
477.5177823,-506.4386907,411.8610406,0.002016601562,-0.002524414063,0.00033203125,893.5546875,9.5703125,-139.0625,14,12,5.79295969,0.2574468553,7.804978371
477.5177823,-506.4386907,411.8610406,0.002016601562,-0.002524414063,0.00033203125,893.5546875,9.5703125,-139.0625,14,12,5.79295969,0.2574468553,7.804978371
477.5177823,-506.4386907,411.8610406,0.002016601562,-0.002524414063,0.00033203125,893.5546875,9.5703125,-139.0625,14,12,5.794167995,0.2574468553,7.804978371
477.5177823,-506.4386907,411.8610406,0.002016601562,-0.002524414063,0.00033203125,893.5546875,9.5703125,-139.0625,14,12,5.794167995,0.2574468553,7.804978371
477.5177823,-506.4386907,411.8610406,0.002016601562,-0.002524414063,0.00033203125,893.5546875,9.5703125,-139.0625,14,12,5.817405701,0.2574468553,7.804978371
477.5177823,-506.4386907,411.8610406,0.002016601562,-0.002524414063,0.00033203125,893.5546875,9.5703125,-139.0625,14,12,5.817405701,0.2574468553,7.804978371
477.5177823,-506.4386907,411.8610406,0.002016601562,-0.002524414063,0.00033203125,893.5546875,9.5703125,-139.0625,14,12,5.804594994,0.2574468553,7.804978371
477.5177823,-506.4386907,411.8610406,0.002016601562,-0.002524414063,0.00033203125,893.5546875,9.5703125,-139.0625,14,12,5.804594994,0.2574468553,7.804978371
477.5177823,-506.4386907,411.8610406,0.002016601562,-0.002524414063,0.00033203125,893.5546875,9.5703125,-139.0625,14,12,5.782438278,0.2574468553,7.181908131
477.5177823,-506.4386907,411.8610406,0.002016601562,-0.002524414063,0.00033203125,893.5546875,9.5703125,-139.0625,14,12,5.782438278,0.06862782687,7.181908131
477.5675275,-506.4418548,411.8633853,-0.001645507813,0.001220703125,0.00384765625,994.921875,-63.28125,46.875,14,12,5.79900074,0.06862782687,7.181908131
477.5675275,-506.4418548,411.8633853,-0.001645507813,0.001220703125,0.00384765625,994.921875,-63.28125,46.875,14,12,5.79900074,0.06862782687,7.181908131
477.5675275,-506.4418548,411.8633853,-0.001645507813,0.001220703125,0.00384765625,994.921875,-63.28125,46.875,14,12,5.800209045,0.06862782687,7.181908131
477.5675275,-506.4418548,411.8633853,-0.001645507813,0.001220703125,0.00384765625,994.921875,-63.28125,46.875,14,12,5.800209045,0.06862782687,7.181908131
477.5675275,-506.4418548,411.8633853,-0.001645507813,0.001220703125,0.00384765625,994.921875,-63.28125,46.875,14,12,5.794073582,0.06862782687,7.181908131
477.5675275,-506.4418548,411.8633853,-0.001645507813,0.001220703125,0.00384765625,994.921875,-63.28125,46.875,14,12,5.794073582,0.06862782687,7.181908131
477.5675275,-506.4418548,411.8633853,-0.001645507813,0.001220703125,0.00384765625,994.921875,-63.28125,46.875,14,12,5.784600735,0.06862782687,7.181908131
477.5675275,-506.4418548,411.8633853,-0.001645507813,0.001220703125,0.00384765625,994.921875,-63.28125,46.875,14,12,5.784600735,0.06862782687,7.181908131
477.5675275,-506.4418548,411.8633853,-0.001645507813,0.001220703125,0.00384765625,994.921875,-63.28125,46.875,14,12,5.783138752,0.06862782687,7.064222813
477.5675275,-506.4418548,411.8633853,-0.001645507813,0.001220703125,0.00384765625,994.921875,-63.28125,46.875,14,12,5.783138752,0.854205668,7.064222813
477.5675275,-506.4418548,411.8633853,-0.001645507813,0.001220703125,0.00384765625,994.921875,-63.28125,46.875,14,12,5.801035881,0.854205668,7.064222813
477.5675275,-506.4418548,411.8633853,-0.001645507813,0.001220703125,0.00384765625,994.921875,-63.28125,46.875,14,12,5.801035881,0.854205668,7.064222813
477.5675275,-506.4418548,411.8633853,-0.001645507813,0.001220703125,0.00384765625,994.921875,-63.28125,46.875,14,12,5.796236038,0.854205668,7.064222813
477.5675275,-506.4418548,411.8633853,-0.001645507813,0.001220703125,0.00384765625,994.921875,-63.28125,46.875,14,12,5.796236038,0.854205668,7.064222813
477.5675275,-506.4418548,411.8633853,-0.001645507813,0.001220703125,0.00384765625,994.921875,-63.28125,46.875,14,12,5.78208971,0.854205668,7.064222813
477.5675275,-506.4418548,411.8633853,-0.001645507813,0.001220703125,0.00384765625,994.921875,-63.28125,46.875,14,12,5.78208971,0.854205668,7.064222813
477.5675275,-506.4418548,411.8633853,-0.001645507813,0.001220703125,0.00384765625,994.921875,-63.28125,46.875,14,12,5.793311596,0.854205668,7.064222813
477.5675275,-506.4418548,411.8633853,-0.001645507813,0.001220703125,0.00384765625,994.921875,-63.28125,46.875,14,12,5.793311596,0.854205668,7.064222813
477.5675275,-506.4418548,411.8633853,-0.001645507813,0.001220703125,0.00384765625,994.921875,-63.28125,46.875,14,12,5.798524857,0.854205668,7.321448803
477.5675275,-506.4418548,411.8633853,-0.001645507813,0.001220703125,0.00384765625,994.921875,-63.28125,46.875,14,12,5.798524857,1.640892148,7.321448803
477.5675275,-506.4418548,411.8633853,-0.001645507813,0.001220703125,0.00384765625,994.921875,-63.28125,46.875,14,12,5.808411121,1.640892148,7.321448803
477.5675275,-506.4418548,411.8633853,-0.001645507813,0.001220703125,0.00384765625,994.921875,-63.28125,46.875,14,12,5.808411121,1.640892148,7.321448803
477.5675275,-506.4418548,411.8633853,-0.001645507813,0.001220703125,0.00384765625,994.921875,-63.28125,46.875,14,12,5.794264793,1.640892148,7.321448803
477.5675275,-506.4418548,411.8633853,-0.001645507813,0.001220703125,0.00384765625,994.921875,-63.28125,46.875,14,12,5.794264793,1.640892148,7.321448803
477.5675275,-506.4418548,411.8633853,-0.001645507813,0.001220703125,0.00384765625,994.921875,-63.28125,46.875,14,12,5.784124374,1.640892148,7.321448803
477.5675275,-506.4418548,411.8633853,-0.001645507813,0.001220703125,0.00384765625,994.921875,-63.28125,46.875,14,12,5.784124374,1.640892148,7.321448803
477.5675275,-506.4418548,411.8633853,-0.001645507813,0.001220703125,0.00384765625,994.921875,-63.28125,46.875,14,12,5.803357124,1.640892148,7.321448803
477.5675275,-506.4418548,411.8633853,-0.001645507813,0.001220703125,0.00384765625,994.921875,-63.28125,46.875,14,12,5.803357124,1.640892148,7.321448803
477.5675275,-506.4418548,411.8633853,-0.001645507813,0.001220703125,0.00384765625,994.921875,-63.28125,46.875,14,12,5.807902813,1.640892148,7.757008076
477.5675275,-506.4418548,411.8633853,-0.001645507813,0.001220703125,0.00384765625,994.921875,-63.28125,46.875,14,12,5.807902813,1.945878506,7.757008076
477.6091428,-506.4397698,411.8690307,-0.00142578125,0.001733398437,-0.003310546875,832.3242188,41.69921875,112.890625,14,12,5.788416386,1.945878506,7.757008076
477.6091428,-506.4397698,411.8690307,-0.00142578125,0.001733398437,-0.003310546875,832.3242188,41.69921875,112.890625,14,12,5.788416386,1.945878506,7.757008076
477.6091428,-506.4397698,411.8690307,-0.00142578125,0.001733398437,-0.003310546875,832.3242188,41.69921875,112.890625,14,12,5.794965267,1.945878506,7.757008076
477.6091428,-506.4397698,411.8690307,-0.00142578125,0.001733398437,-0.003310546875,832.3242188,41.69921875,112.890625,14,12,5.794965267,1.945878506,7.757008076
477.6091428,-506.4397698,411.8690307,-0.00142578125,0.001733398437,-0.003310546875,832.3242188,41.69921875,112.890625,14,12,5.801514149,1.945878506,7.757008076
477.6091428,-506.4397698,411.8690307,-0.00142578125,0.001733398437,-0.003310546875,832.3242188,41.69921875,112.890625,14,12,5.801514149,1.945878506,7.757008076
477.6091428,-506.4397698,411.8690307,-0.00142578125,0.001733398437,-0.003310546875,832.3242188,41.69921875,112.890625,14,12,5.806727409,1.945878506,7.757008076
477.6091428,-506.4397698,411.8690307,-0.00142578125,0.001733398437,-0.003310546875,832.3242188,41.69921875,112.890625,14,12,5.806727409,1.945878506,7.757008076
477.6091428,-506.4397698,411.8690307,-0.00142578125,0.001733398437,-0.003310546875,832.3242188,41.69921875,112.890625,14,12,5.804597855,1.945878506,8.462925911
477.6091428,-506.4397698,411.8690307,-0.00142578125,0.001733398437,-0.003310546875,832.3242188,41.69921875,112.890625,14,12,5.804597855,1.912288427,8.462925911
477.6091428,-506.4397698,411.8690307,-0.00142578125,0.001733398437,-0.003310546875,832.3242188,41.69921875,112.890625,14,12,5.791119099,1.912288427,8.462925911
477.6091428,-506.4397698,411.8690307,-0.00142578125,0.001733398437,-0.003310546875,832.3242188,41.69921875,112.890625,14,12,5.791119099,1.912288427,8.462925911
477.6091428,-506.4397698,411.8690307,-0.00142578125,0.001733398437,-0.003310546875,832.3242188,41.69921875,112.890625,14,12,5.792327404,1.912288427,8.462925911
477.6091428,-506.4397698,411.8690307,-0.00142578125,0.001733398437,-0.003310546875,832.3242188,41.69921875,112.890625,14,12,5.792327404,1.912288427,8.462925911
477.6091428,-506.4397698,411.8690307,-0.00142578125,0.001733398437,-0.003310546875,832.3242188,41.69921875,112.890625,14,12,5.807554245,1.912288427,8.462925911
477.6091428,-506.4397698,411.8690307,-0.00142578125,0.001733398437,-0.003310546875,832.3242188,41.69921875,112.890625,14,12,5.807554245,1.912288427,8.462925911
477.6091428,-506.4397698,411.8690307,-0.00142578125,0.001733398437,-0.003310546875,832.3242188,41.69921875,112.890625,14,12,5.788067818,1.912288427,8.462925911
477.6091428,-506.4397698,411.8690307,-0.00142578125,0.001733398437,-0.003310546875,832.3242188,41.69921875,112.890625,14,12,5.788067818,1.912288427,8.462925911
477.6091428,-506.4397698,411.8690307,-0.00142578125,0.001733398437,-0.003310546875,832.3242188,41.69921875,112.890625,14,12,5.787940502,1.912288427,8.685588837
477.6091428,-506.4397698,411.8690307,-0.00142578125,0.001733398437,-0.003310546875,832.3242188,41.69921875,112.890625,14,12,5.787940502,1.379445553,8.685588837
477.6091428,-506.4397698,411.8690307,-0.00142578125,0.001733398437,-0.003310546875,832.3242188,41.69921875,112.890625,14,12,5.783808231,1.379445553,8.685588837
477.6091428,-506.4397698,411.8690307,-0.00142578125,0.001733398437,-0.003310546875,832.3242188,41.69921875,112.890625,14,12,5.783808231,1.379445553,8.685588837
477.6091428,-506.4397698,411.8690307,-0.00142578125,0.001733398437,-0.003310546875,832.3242188,41.69921875,112.890625,14,12,5.777005672,1.379445553,8.685588837
477.6091428,-506.4397698,411.8690307,-0.00142578125,0.001733398437,-0.003310546875,832.3242188,41.69921875,112.890625,14,12,5.777005672,1.379445553,8.685588837
477.6091428,-506.4397698,411.8690307,-0.00142578125,0.001733398437,-0.003310546875,832.3242188,41.69921875,112.890625,14,12,5.781551361,1.379445553,8.685588837
477.6091428,-506.4397698,411.8690307,-0.00142578125,0.001733398437,-0.003310546875,832.3242188,41.69921875,112.890625,14,12,5.781551361,1.379445553,8.685588837
477.6091428,-506.4397698,411.8690307,-0.00142578125,0.001733398437,-0.003310546875,832.3242188,41.69921875,112.890625,14,12,5.77408123,1.379445553,8.685588837
477.6091428,-506.4397698,411.8690307,-0.00142578125,0.001733398437,-0.003310546875,832.3242188,41.69921875,112.890625,14,12,5.77408123,1.379445553,8.685588837
477.6091428,-506.4397698,411.8690307,-0.00142578125,0.001733398437,-0.003310546875,832.3242188,41.69921875,112.890625,14,12,5.775289536,1.379445553,8.86016655
477.6091428,-506.4397698,411.8690307,-0.00142578125,0.001733398437,-0.003310546875,832.3242188,41.69921875,112.890625,14,12,5.775289536,0.6680676341,8.86016655
477.6531116,-506.4380657,411.8628207,0.00333984375,-0.002622070313,-0.00189453125,879.3945312,34.08203125,-124.21875,14,12,5.77516222,0.6680676341,8.86016655
477.6531116,-506.4380657,411.8628207,0.00333984375,-0.002622070313,-0.00189453125,879.3945312,34.08203125,-124.21875,14,12,5.77516222,0.6680676341,8.86016655
477.6531116,-506.4380657,411.8628207,0.00333984375,-0.002622070313,-0.00189453125,879.3945312,34.08203125,-124.21875,14,12,5.768359661,0.6680676341,8.86016655
477.6531116,-506.4380657,411.8628207,0.00333984375,-0.002622070313,-0.00189453125,879.3945312,34.08203125,-124.21875,14,12,5.768359661,0.6680676341,8.86016655
477.6531116,-506.4380657,411.8628207,0.00333984375,-0.002622070313,-0.00189453125,879.3945312,34.08203125,-124.21875,14,12,5.766230106,0.6680676341,8.86016655
477.6531116,-506.4380657,411.8628207,0.00333984375,-0.002622070313,-0.00189453125,879.3945312,34.08203125,-124.21875,14,12,5.766230106,0.6680676341,8.86016655
477.6531116,-506.4380657,411.8628207,0.00333984375,-0.002622070313,-0.00189453125,879.3945312,34.08203125,-124.21875,14,12,5.764100552,0.6680676341,8.86016655
477.6531116,-506.4380657,411.8628207,0.00333984375,-0.002622070313,-0.00189453125,879.3945312,34.08203125,-124.21875,14,12,5.764100552,0.6680676341,8.86016655
477.6531116,-506.4380657,411.8628207,0.00333984375,-0.002622070313,-0.00189453125,879.3945312,34.08203125,-124.21875,14,12,5.760635376,0.6680676341,8.462924957
477.6531116,-506.4380657,411.8628207,0.00333984375,-0.002622070313,-0.00189453125,879.3945312,34.08203125,-124.21875,14,12,5.760635376,0.04368659854,8.462924957
477.6531116,-506.4380657,411.8628207,0.00333984375,-0.002622070313,-0.00189453125,879.3945312,34.08203125,-124.21875,14,12,5.755167484,0.04368659854,8.462924957
477.6531116,-506.4380657,411.8628207,0.00333984375,-0.002622070313,-0.00189453125,879.3945312,34.08203125,-124.21875,14,12,5.755167484,0.04368659854,8.462924957
477.6531116,-506.4380657,411.8628207,0.00333984375,-0.002622070313,-0.00189453125,879.3945312,34.08203125,-124.21875,14,12,5.755708218,0.04368659854,8.462924957
477.6531116,-506.4380657,411.8628207,0.00333984375,-0.002622070313,-0.00189453125,879.3945312,34.08203125,-124.21875,14,12,5.755708218,0.04368659854,8.462924957
477.6531116,-506.4380657,411.8628207,0.00333984375,-0.002622070313,-0.00189453125,879.3945312,34.08203125,-124.21875,14,12,5.764259815,0.04368659854,8.462924957
477.6531116,-506.4380657,411.8628207,0.00333984375,-0.002622070313,-0.00189453125,879.3945312,34.08203125,-124.21875,14,12,5.764259815,0.04368659854,8.462924957
477.6531116,-506.4380657,411.8628207,0.00333984375,-0.002622070313,-0.00189453125,879.3945312,34.08203125,-124.21875,14,12,5.76079464,0.04368659854,8.462924957
477.6531116,-506.4380657,411.8628207,0.00333984375,-0.002622070313,-0.00189453125,879.3945312,34.08203125,-124.21875,14,12,5.76079464,0.04368659854,8.462924957
477.6531116,-506.4380657,411.8628207,0.00333984375,-0.002622070313,-0.00189453125,879.3945312,34.08203125,-124.21875,14,12,5.757329464,0.04368659854,7.770104885
477.6531116,-506.4380657,411.8628207,0.00333984375,-0.002622070313,-0.00189453125,879.3945312,34.08203125,-124.21875,14,12,5.757329464,0.1782589108,7.770104885
477.6531116,-506.4380657,411.8628207,0.00333984375,-0.002622070313,-0.00189453125,879.3945312,34.08203125,-124.21875,14,12,5.755199909,0.1782589108,7.770104885
477.6531116,-506.4380657,411.8628207,0.00333984375,-0.002622070313,-0.00189453125,879.3945312,34.08203125,-124.21875,14,12,5.755199909,0.1782589108,7.770104885
477.6531116,-506.4380657,411.8628207,0.00333984375,-0.002622070313,-0.00189453125,879.3945312,34.08203125,-124.21875,14,12,5.775767326,0.1782589108,7.770104885
477.6531116,-506.4380657,411.8628207,0.00333984375,-0.002622070313,-0.00189453125,879.3945312,34.08203125,-124.21875,14,12,5.775767326,0.1782589108,7.770104885
477.6531116,-506.4380657,411.8628207,0.00333984375,-0.002622070313,-0.00189453125,879.3945312,34.08203125,-124.21875,14,12,5.768297195,0.1782589108,7.770104885
477.6531116,-506.4380657,411.8628207,0.00333984375,-0.002622070313,-0.00189453125,879.3945312,34.08203125,-124.21875,14,12,5.768297195,0.1782589108,7.770104885
477.6531116,-506.4380657,411.8628207,0.00333984375,-0.002622070313,-0.00189453125,879.3945312,34.08203125,-124.21875,14,12,5.767502308,0.1782589108,7.770104885
477.6531116,-506.4380657,411.8628207,0.00333984375,-0.002622070313,-0.00189453125,879.3945312,34.08203125,-124.21875,14,12,5.767502308,0.1782589108,7.770104885
477.6531116,-506.4380657,411.8628207,0.00333984375,-0.002622070313,-0.00189453125,879.3945312,34.08203125,-124.21875,14,12,5.766040325,0.1782589108,7.356342793
477.6531116,-506.4380657,411.8628207,0.00333984375,-0.002622070313,-0.00189453125,879.3945312,34.08203125,-124.21875,14,12,5.766040325,0.0999590233,7.356342793
477.7040579,-506.4412151,411.8623431,-0.0002734375,0.000712890625,0.003608398437,1018.945313,-62.98828125,-9.5703125,14,12,5.778596878,0.0999590233,7.356342793
477.7040579,-506.4412151,411.8623431,-0.0002734375,0.000712890625,0.003608398437,1018.945313,-62.98828125,-9.5703125,14,12,5.778596878,0.0999590233,7.356342793
477.7040579,-506.4412151,411.8623431,-0.0002734375,0.000712890625,0.003608398437,1018.945313,-62.98828125,-9.5703125,14,12,5.793823719,0.0999590233,7.356342793
477.7040579,-506.4412151,411.8623431,-0.0002734375,0.000712890625,0.003608398437,1018.945313,-62.98828125,-9.5703125,14,12,5.793823719,0.0999590233,7.356342793
477.7040579,-506.4412151,411.8623431,-0.0002734375,0.000712890625,0.003608398437,1018.945313,-62.98828125,-9.5703125,14,12,5.783015251,0.0999590233,7.356342793
477.7040579,-506.4412151,411.8623431,-0.0002734375,0.000712890625,0.003608398437,1018.945313,-62.98828125,-9.5703125,14,12,5.783015251,0.0999590233,7.356342793
477.7040579,-506.4412151,411.8623431,-0.0002734375,0.000712890625,0.003608398437,1018.945313,-62.98828125,-9.5703125,14,12,5.782220364,0.0999590233,7.356342793
477.7040579,-506.4412151,411.8623431,-0.0002734375,0.000712890625,0.003608398437,1018.945313,-62.98828125,-9.5703125,14,12,5.782220364,0.0999590233,7.356342793
477.7040579,-506.4412151,411.8623431,-0.0002734375,0.000712890625,0.003608398437,1018.945313,-62.98828125,-9.5703125,14,12,5.797447205,0.0999590233,6.964244843
477.7040579,-506.4412151,411.8623431,-0.0002734375,0.000712890625,0.003608398437,1018.945313,-62.98828125,-9.5703125,14,12,5.797447205,0.6483851671,6.964244843
477.7040579,-506.4412151,411.8623431,-0.0002734375,0.000712890625,0.003608398437,1018.945313,-62.98828125,-9.5703125,14,12,5.816011906,0.6483851671,6.964244843
477.7040579,-506.4412151,411.8623431,-0.0002734375,0.000712890625,0.003608398437,1018.945313,-62.98828125,-9.5703125,14,12,5.816011906,0.6483851671,6.964244843
477.7040579,-506.4412151,411.8623431,-0.0002734375,0.000712890625,0.003608398437,1018.945313,-62.98828125,-9.5703125,14,12,5.807206154,0.6483851671,6.964244843
477.7040579,-506.4412151,411.8623431,-0.0002734375,0.000712890625,0.003608398437,1018.945313,-62.98828125,-9.5703125,14,12,5.807206154,0.6483851671,6.964244843
477.7040579,-506.4412151,411.8623431,-0.0002734375,0.000712890625,0.003608398437,1018.945313,-62.98828125,-9.5703125,14,12,5.80107069,0.6483851671,6.964244843
477.7040579,-506.4412151,411.8623431,-0.0002734375,0.000712890625,0.003608398437,1018.945313,-62.98828125,-9.5703125,14,12,5.80107069,0.6483851671,6.964244843
477.7040579,-506.4412151,411.8623431,-0.0002734375,0.000712890625,0.003608398437,1018.945313,-62.98828125,-9.5703125,14,12,5.816297531,0.6483851671,6.964244843
477.7040579,-506.4412151,411.8623431,-0.0002734375,0.000712890625,0.003608398437,1018.945313,-62.98828125,-9.5703125,14,12,5.816297531,0.6483851671,6.964244843
477.7040579,-506.4412151,411.8623431,-0.0002734375,0.000712890625,0.003608398437,1018.945313,-62.98828125,-9.5703125,14,12,5.830189705,0.6483851671,6.868142128
477.7040579,-506.4412151,411.8623431,-0.0002734375,0.000712890625,0.003608398437,1018.945313,-62.98828125,-9.5703125,14,12,5.830189705,1.563194394,6.868142128
477.7040579,-506.4412151,411.8623431,-0.0002734375,0.000712890625,0.003608398437,1018.945313,-62.98828125,-9.5703125,14,12,5.830730438,1.563194394,6.868142128
477.7040579,-506.4412151,411.8623431,-0.0002734375,0.000712890625,0.003608398437,1018.945313,-62.98828125,-9.5703125,14,12,5.830730438,1.563194394,6.868142128
477.7040579,-506.4412151,411.8623431,-0.0002734375,0.000712890625,0.003608398437,1018.945313,-62.98828125,-9.5703125,14,12,5.820590019,1.563194394,6.868142128
477.7040579,-506.4412151,411.8623431,-0.0002734375,0.000712890625,0.003608398437,1018.945313,-62.98828125,-9.5703125,14,12,5.820590019,1.563194394,6.868142128
477.7040579,-506.4412151,411.8623431,-0.0002734375,0.000712890625,0.003608398437,1018.945313,-62.98828125,-9.5703125,14,12,5.832479477,1.563194394,6.868142128
477.7040579,-506.4412151,411.8623431,-0.0002734375,0.000712890625,0.003608398437,1018.945313,-62.98828125,-9.5703125,14,12,5.832479477,1.563194394,6.868142128
477.7040579,-506.4412151,411.8623431,-0.0002734375,0.000712890625,0.003608398437,1018.945313,-62.98828125,-9.5703125,14,12,5.847706318,1.563194394,6.868142128
477.7040579,-506.4412151,411.8623431,-0.0002734375,0.000712890625,0.003608398437,1018.945313,-62.98828125,-9.5703125,14,12,5.847706318,1.563194394,6.868142128
477.7040579,-506.4412151,411.8623431,-0.0002734375,0.000712890625,0.003608398437,1018.945313,-62.98828125,-9.5703125,14,12,5.854922295,1.563194394,7.364850998
477.7040579,-506.4412151,411.8623431,-0.0002734375,0.000712890625,0.003608398437,1018.945313,-62.98828125,-9.5703125,14,12,5.854922295,2.051840782,7.364850998
477.7470404,-506.4405217,411.8675637,-0.00205078125,0.00181640625,-0.001547851563,859.6679688,13.8671875,104.3945313,14,12,5.838773251,2.051840782,7.364850998
477.7470404,-506.4405217,411.8675637,-0.00205078125,0.00181640625,-0.001547851563,859.6679688,13.8671875,104.3945313,14,12,5.838773251,2.051840782,7.364850998
477.7470404,-506.4405217,411.8675637,-0.00205078125,0.00181640625,-0.001547851563,859.6679688,13.8671875,104.3945313,14,12,5.84465456,2.051840782,7.364850998
477.7470404,-506.4405217,411.8675637,-0.00205078125,0.00181640625,-0.001547851563,859.6679688,13.8671875,104.3945313,14,12,5.84465456,2.051840782,7.364850998
477.7470404,-506.4405217,411.8675637,-0.00205078125,0.00181640625,-0.001547851563,859.6679688,13.8671875,104.3945313,14,12,5.866557598,2.051840782,7.364850998
477.7470404,-506.4405217,411.8675637,-0.00205078125,0.00181640625,-0.001547851563,859.6679688,13.8671875,104.3945313,14,12,5.866557598,2.051840782,7.364850998
477.7470404,-506.4405217,411.8675637,-0.00205078125,0.00181640625,-0.001547851563,859.6679688,13.8671875,104.3945313,14,12,5.864428043,2.051840782,7.364850998
477.7470404,-506.4405217,411.8675637,-0.00205078125,0.00181640625,-0.001547851563,859.6679688,13.8671875,104.3945313,14,12,5.864428043,2.051840782,7.364850998
477.7470404,-506.4405217,411.8675637,-0.00205078125,0.00181640625,-0.001547851563,859.6679688,13.8671875,104.3945313,14,12,5.853619576,2.051840782,7.944503784
477.7470404,-506.4405217,411.8675637,-0.00205078125,0.00181640625,-0.001547851563,859.6679688,13.8671875,104.3945313,14,12,5.853619576,2.081560373,7.944503784
477.7470404,-506.4405217,411.8675637,-0.00205078125,0.00181640625,-0.001547851563,859.6679688,13.8671875,104.3945313,14,12,5.861503124,2.081560373,7.944503784
477.7470404,-506.4405217,411.8675637,-0.00205078125,0.00181640625,-0.001547851563,859.6679688,13.8671875,104.3945313,14,12,5.861503124,2.081560373,7.944503784
477.7470404,-506.4405217,411.8675637,-0.00205078125,0.00181640625,-0.001547851563,859.6679688,13.8671875,104.3945313,14,12,5.867384434,2.081560373,7.944503784
477.7470404,-506.4405217,411.8675637,-0.00205078125,0.00181640625,-0.001547851563,859.6679688,13.8671875,104.3945313,14,12,5.867384434,2.081560373,7.944503784
477.7470404,-506.4405217,411.8675637,-0.00205078125,0.00181640625,-0.001547851563,859.6679688,13.8671875,104.3945313,14,12,5.87460041,2.081560373,7.944503784
477.7470404,-506.4405217,411.8675637,-0.00205078125,0.00181640625,-0.001547851563,859.6679688,13.8671875,104.3945313,14,12,5.87460041,2.081560373,7.944503784
477.7470404,-506.4405217,411.8675637,-0.00205078125,0.00181640625,-0.001547851563,859.6679688,13.8671875,104.3945313,14,12,5.863124371,2.081560373,7.944503784
477.7470404,-506.4405217,411.8675637,-0.00205078125,0.00181640625,-0.001547851563,859.6679688,13.8671875,104.3945313,14,12,5.863124371,2.081560373,7.944503784
477.7470404,-506.4405217,411.8675637,-0.00205078125,0.00181640625,-0.001547851563,859.6679688,13.8671875,104.3945313,14,12,5.8589921,2.081560373,8.266860962
477.7470404,-506.4405217,411.8675637,-0.00205078125,0.00181640625,-0.001547851563,859.6679688,13.8671875,104.3945313,14,12,5.8589921,1.654552579,8.266860962
477.7470404,-506.4405217,411.8675637,-0.00205078125,0.00181640625,-0.001547851563,859.6679688,13.8671875,104.3945313,14,12,5.869545937,1.654552579,8.266860962
477.7470404,-506.4405217,411.8675637,-0.00205078125,0.00181640625,-0.001547851563,859.6679688,13.8671875,104.3945313,14,12,5.869545937,1.654552579,8.266860962
477.7470404,-506.4405217,411.8675637,-0.00205078125,0.00181640625,-0.001547851563,859.6679688,13.8671875,104.3945313,14,12,5.868083954,1.654552579,8.266860962
477.7470404,-506.4405217,411.8675637,-0.00205078125,0.00181640625,-0.001547851563,859.6679688,13.8671875,104.3945313,14,12,5.868083954,1.654552579,8.266860962
477.7470404,-506.4405217,411.8675637,-0.00205078125,0.00181640625,-0.001547851563,859.6679688,13.8671875,104.3945313,14,12,5.86528635,1.654552579,8.266860962
477.7470404,-506.4405217,411.8675637,-0.00205078125,0.00181640625,-0.001547851563,859.6679688,13.8671875,104.3945313,14,12,5.86528635,1.654552579,8.266860962
477.7470404,-506.4405217,411.8675637,-0.00205078125,0.00181640625,-0.001547851563,859.6679688,13.8671875,104.3945313,14,12,5.845799923,1.654552579,8.266860962
477.7470404,-506.4405217,411.8675637,-0.00205078125,0.00181640625,-0.001547851563,859.6679688,13.8671875,104.3945313,14,12,5.845799923,1.654552579,8.266860962
477.7470404,-506.4405217,411.8675637,-0.00205078125,0.00181640625,-0.001547851563,859.6679688,13.8671875,104.3945313,14,12,5.860359669,1.654552579,8.728743553
477.7470404,-506.4405217,411.8675637,-0.00205078125,0.00181640625,-0.001547851563,859.6679688,13.8671875,104.3945313,14,12,5.860359669,0.9531322718,8.728743553
477.7901548,-506.4380706,411.8628869,0.002749023437,-0.002143554687,-0.00162109375,862.3046875,49.0234375,-93.5546875,14,12,5.844878674,0.9531322718,8.728743553
477.7901548,-506.4380706,411.8628869,0.002749023437,-0.002143554687,-0.00162109375,862.3046875,49.0234375,-93.5546875,14,12,5.844878674,0.9531322718,8.728743553
477.7901548,-506.4380706,411.8628869,0.002749023437,-0.002143554687,-0.00162109375,862.3046875,49.0234375,-93.5546875,14,12,5.85543251,0.9531322718,8.728743553
477.7901548,-506.4380706,411.8628869,0.002749023437,-0.002143554687,-0.00162109375,862.3046875,49.0234375,-93.5546875,14,12,5.85543251,0.9531322718,8.728743553
477.7901548,-506.4380706,411.8628869,0.002749023437,-0.002143554687,-0.00162109375,862.3046875,49.0234375,-93.5546875,14,12,5.832608223,0.9531322718,8.728743553
477.7901548,-506.4380706,411.8628869,0.002749023437,-0.002143554687,-0.00162109375,862.3046875,49.0234375,-93.5546875,14,12,5.832608223,0.9531322718,8.728743553
477.7901548,-506.4380706,411.8628869,0.002749023437,-0.002143554687,-0.00162109375,862.3046875,49.0234375,-93.5546875,14,12,5.823802471,0.9531322718,8.728743553
477.7901548,-506.4380706,411.8628869,0.002749023437,-0.002143554687,-0.00162109375,862.3046875,49.0234375,-93.5546875,14,12,5.823802471,0.9531322718,8.728743553
477.7901548,-506.4380706,411.8628869,0.002749023437,-0.002143554687,-0.00162109375,862.3046875,49.0234375,-93.5546875,14,12,5.827013493,0.9531322718,8.715592384
477.7901548,-506.4380706,411.8628869,0.002749023437,-0.002143554687,-0.00162109375,862.3046875,49.0234375,-93.5546875,14,12,5.827013493,0.1493427306,8.715592384
477.7901548,-506.4380706,411.8628869,0.002749023437,-0.002143554687,-0.00162109375,862.3046875,49.0234375,-93.5546875,14,12,5.826886177,0.1493427306,8.715592384
477.7901548,-506.4380706,411.8628869,0.002749023437,-0.002143554687,-0.00162109375,862.3046875,49.0234375,-93.5546875,14,12,5.826886177,0.1493427306,8.715592384
477.7901548,-506.4380706,411.8628869,0.002749023437,-0.002143554687,-0.00162109375,862.3046875,49.0234375,-93.5546875,14,12,5.822086334,0.1493427306,8.715592384
477.7901548,-506.4380706,411.8628869,0.002749023437,-0.002143554687,-0.00162109375,862.3046875,49.0234375,-93.5546875,14,12,5.822086334,0.1493427306,8.715592384
477.7901548,-506.4380706,411.8628869,0.002749023437,-0.002143554687,-0.00162109375,862.3046875,49.0234375,-93.5546875,14,12,5.817954063,0.1493427306,8.715592384
477.7901548,-506.4380706,411.8628869,0.002749023437,-0.002143554687,-0.00162109375,862.3046875,49.0234375,-93.5546875,14,12,5.817954063,0.1493427306,8.715592384
477.7901548,-506.4380706,411.8628869,0.002749023437,-0.002143554687,-0.00162109375,862.3046875,49.0234375,-93.5546875,14,12,5.812486172,0.1493427306,8.715592384
477.7901548,-506.4380706,411.8628869,0.002749023437,-0.002143554687,-0.00162109375,862.3046875,49.0234375,-93.5546875,14,12,5.812486172,0.1493427306,8.715592384
477.7901548,-506.4380706,411.8628869,0.002749023437,-0.002143554687,-0.00162109375,862.3046875,49.0234375,-93.5546875,14,12,5.799007416,0.1493427306,8.371505737
477.7901548,-506.4380706,411.8628869,0.002749023437,-0.002143554687,-0.00162109375,862.3046875,49.0234375,-93.5546875,14,12,5.799007416,0.2397063822,8.371505737
477.7901548,-506.4380706,411.8628869,0.002749023437,-0.002143554687,-0.00162109375,862.3046875,49.0234375,-93.5546875,14,12,5.813567162,0.2397063822,8.371505737
477.7901548,-506.4380706,411.8628869,0.002749023437,-0.002143554687,-0.00162109375,862.3046875,49.0234375,-93.5546875,14,12,5.813567162,0.2397063822,8.371505737
477.7901548,-506.4380706,411.8628869,0.002749023437,-0.002143554687,-0.00162109375,862.3046875,49.0234375,-93.5546875,14,12,5.808767319,0.2397063822,8.371505737
477.7901548,-506.4380706,411.8628869,0.002749023437,-0.002143554687,-0.00162109375,862.3046875,49.0234375,-93.5546875,14,12,5.808767319,0.2397063822,8.371505737
477.7901548,-506.4380706,411.8628869,0.002749023437,-0.002143554687,-0.00162109375,862.3046875,49.0234375,-93.5546875,14,12,5.810642719,0.2397063822,8.371505737
477.7901548,-506.4380706,411.8628869,0.002749023437,-0.002143554687,-0.00162109375,862.3046875,49.0234375,-93.5546875,14,12,5.810642719,0.2397063822,8.371505737
477.7901548,-506.4380706,411.8628869,0.002749023437,-0.002143554687,-0.00162109375,862.3046875,49.0234375,-93.5546875,14,12,5.8005023,0.2397063822,8.371505737
477.7901548,-506.4380706,411.8628869,0.002749023437,-0.002143554687,-0.00162109375,862.3046875,49.0234375,-93.5546875,14,12,5.8005023,0.2397063822,8.371505737
477.7901548,-506.4380706,411.8628869,0.002749023437,-0.002143554687,-0.00162109375,862.3046875,49.0234375,-93.5546875,14,12,5.795702457,0.2397063822,7.748448849
477.7901548,-506.4380706,411.8628869,0.002749023437,-0.002143554687,-0.00162109375,862.3046875,49.0234375,-93.5546875,14,12,5.795702457,0.1797996312,7.748448849
477.8407007,-506.4412932,411.8613839,-2.44140625e-05,0.000615234375,0.004208984375,1010.9375,-64.453125,-30.078125,14,12,5.804921627,0.1797996312,7.748448849
477.8407007,-506.4412932,411.8613839,-2.44140625e-05,0.000615234375,0.004208984375,1010.9375,-64.453125,-30.078125,14,12,5.804921627,0.1797996312,7.748448849
477.8407007,-506.4412932,411.8613839,-2.44140625e-05,0.000615234375,0.004208984375,1010.9375,-64.453125,-30.078125,14,12,5.8074646,0.1797996312,7.748448849
477.8407007,-506.4412932,411.8613839,-2.44140625e-05,0.000615234375,0.004208984375,1010.9375,-64.453125,-30.078125,14,12,5.8074646,0.1797996312,7.748448849
477.8407007,-506.4412932,411.8613839,-2.44140625e-05,0.000615234375,0.004208984375,1010.9375,-64.453125,-30.078125,14,12,5.782637596,0.1797996312,7.748448849
477.8407007,-506.4412932,411.8613839,-2.44140625e-05,0.000615234375,0.004208984375,1010.9375,-64.453125,-30.078125,14,12,5.782637596,0.1797996312,7.748448849
477.8407007,-506.4412932,411.8613839,-2.44140625e-05,0.000615234375,0.004208984375,1010.9375,-64.453125,-30.078125,14,12,5.79652977,0.1797996312,7.748448849
477.8407007,-506.4412932,411.8613839,-2.44140625e-05,0.000615234375,0.004208984375,1010.9375,-64.453125,-30.078125,14,12,5.79652977,0.1797996312,7.748448849
477.8407007,-506.4412932,411.8613839,-2.44140625e-05,0.000615234375,0.004208984375,1010.9375,-64.453125,-30.078125,14,12,5.797070503,0.1797996312,7.077287674
477.8407007,-506.4412932,411.8613839,-2.44140625e-05,0.000615234375,0.004208984375,1010.9375,-64.453125,-30.078125,14,12,5.797070503,0.1606026888,7.077287674
477.8407007,-506.4412932,411.8613839,-2.44140625e-05,0.000615234375,0.004208984375,1010.9375,-64.453125,-30.078125,14,12,5.800949097,0.1606026888,7.077287674
477.8407007,-506.4412932,411.8613839,-2.44140625e-05,0.000615234375,0.004208984375,1010.9375,-64.453125,-30.078125,14,12,5.800949097,0.1606026888,7.077287674
477.8407007,-506.4412932,411.8613839,-2.44140625e-05,0.000615234375,0.004208984375,1010.9375,-64.453125,-30.078125,14,12,5.781462669,0.1606026888,7.077287674
477.8407007,-506.4412932,411.8613839,-2.44140625e-05,0.000615234375,0.004208984375,1010.9375,-64.453125,-30.078125,14,12,5.781462669,0.1606026888,7.077287674
477.8407007,-506.4412932,411.8613839,-2.44140625e-05,0.000615234375,0.004208984375,1010.9375,-64.453125,-30.078125,14,12,5.776662827,0.1606026888,7.077287674
477.8407007,-506.4412932,411.8613839,-2.44140625e-05,0.000615234375,0.004208984375,1010.9375,-64.453125,-30.078125,14,12,5.776662827,0.1606026888,7.077287674
477.8407007,-506.4412932,411.8613839,-2.44140625e-05,0.000615234375,0.004208984375,1010.9375,-64.453125,-30.078125,14,12,5.797230244,0.1606026888,7.077287674
477.8407007,-506.4412932,411.8613839,-2.44140625e-05,0.000615234375,0.004208984375,1010.9375,-64.453125,-30.078125,14,12,5.797230244,0.1606026888,7.077287674
477.8407007,-506.4412932,411.8613839,-2.44140625e-05,0.000615234375,0.004208984375,1010.9375,-64.453125,-30.078125,14,12,5.798438549,0.1606026888,6.937842369
477.8407007,-506.4412932,411.8613839,-2.44140625e-05,0.000615234375,0.004208984375,1010.9375,-64.453125,-30.078125,14,12,5.798438549,1.013017058,6.937842369
477.8407007,-506.4412932,411.8613839,-2.44140625e-05,0.000615234375,0.004208984375,1010.9375,-64.453125,-30.078125,14,12,5.786962509,1.013017058,6.937842369
477.8407007,-506.4412932,411.8613839,-2.44140625e-05,0.000615234375,0.004208984375,1010.9375,-64.453125,-30.078125,14,12,5.786962509,1.013017058,6.937842369
477.8407007,-506.4412932,411.8613839,-2.44140625e-05,0.000615234375,0.004208984375,1010.9375,-64.453125,-30.078125,14,12,5.783497334,1.013017058,6.937842369
477.8407007,-506.4412932,411.8613839,-2.44140625e-05,0.000615234375,0.004208984375,1010.9375,-64.453125,-30.078125,14,12,5.783497334,1.013017058,6.937842369
477.8407007,-506.4412932,411.8613839,-2.44140625e-05,0.000615234375,0.004208984375,1010.9375,-64.453125,-30.078125,14,12,5.799391747,1.013017058,6.937842369
477.8407007,-506.4412932,411.8613839,-2.44140625e-05,0.000615234375,0.004208984375,1010.9375,-64.453125,-30.078125,14,12,5.799391747,1.013017058,6.937842369
477.8407007,-506.4412932,411.8613839,-2.44140625e-05,0.000615234375,0.004208984375,1010.9375,-64.453125,-30.078125,14,12,5.806607723,1.013017058,6.937842369
477.8407007,-506.4412932,411.8613839,-2.44140625e-05,0.000615234375,0.004208984375,1010.9375,-64.453125,-30.078125,14,12,5.806607723,1.013017058,6.937842369
477.8407007,-506.4412932,411.8613839,-2.44140625e-05,0.000615234375,0.004208984375,1010.9375,-64.453125,-30.078125,14,12,5.793128967,1.013017058,7.203633308
477.8407007,-506.4412932,411.8613839,-2.44140625e-05,0.000615234375,0.004208984375,1010.9375,-64.453125,-30.078125,14,12,5.793128967,1.698410153,7.203633308
477.8843473,-506.4411858,411.868084,-0.002221679687,0.001884765625,-0.001484375,872.9492187,2.1484375,133.984375,14,12,5.780985832,1.698410153,7.203633308
477.8843473,-506.4411858,411.868084,-0.002221679687,0.001884765625,-0.001484375,872.9492187,2.1484375,133.984375,14,12,5.780985832,1.698410153,7.203633308
477.8843473,-506.4411858,411.868084,-0.002221679687,0.001884765625,-0.001484375,872.9492187,2.1484375,133.984375,14,12,5.795545578,1.698410153,7.203633308
477.8843473,-506.4411858,411.868084,-0.002221679687,0.001884765625,-0.001484375,872.9492187,2.1484375,133.984375,14,12,5.795545578,1.698410153,7.203633308
477.8843473,-506.4411858,411.868084,-0.002221679687,0.001884765625,-0.001484375,872.9492187,2.1484375,133.984375,14,12,5.810772419,1.698410153,7.203633308
477.8843473,-506.4411858,411.868084,-0.002221679687,0.001884765625,-0.001484375,872.9492187,2.1484375,133.984375,14,12,5.810772419,1.698410153,7.203633308
477.8843473,-506.4411858,411.868084,-0.002221679687,0.001884765625,-0.001484375,872.9492187,2.1484375,133.984375,14,12,5.79061842,1.698410153,7.203633308
477.8843473,-506.4411858,411.868084,-0.002221679687,0.001884765625,-0.001484375,872.9492187,2.1484375,133.984375,14,12,5.79061842,1.698410153,7.203633308
477.8843473,-506.4411858,411.868084,-0.002221679687,0.001884765625,-0.001484375,872.9492187,2.1484375,133.984375,14,12,5.79249382,1.698410153,7.944504261
477.8843473,-506.4411858,411.868084,-0.002221679687,0.001884765625,-0.001484375,872.9492187,2.1484375,133.984375,14,12,5.79249382,2.011444092,7.944504261
477.8843473,-506.4411858,411.868084,-0.002221679687,0.001884765625,-0.001484375,872.9492187,2.1484375,133.984375,14,12,5.794369221,2.011444092,7.944504261
477.8843473,-506.4411858,411.868084,-0.002221679687,0.001884765625,-0.001484375,872.9492187,2.1484375,133.984375,14,12,5.794369221,2.011444092,7.944504261
477.8843473,-506.4411858,411.868084,-0.002221679687,0.001884765625,-0.001484375,872.9492187,2.1484375,133.984375,14,12,5.802252769,2.011444092,7.944504261
477.8843473,-506.4411858,411.868084,-0.002221679687,0.001884765625,-0.001484375,872.9492187,2.1484375,133.984375,14,12,5.802252769,2.011444092,7.944504261
477.8843473,-506.4411858,411.868084,-0.002221679687,0.001884765625,-0.001484375,872.9492187,2.1484375,133.984375,14,12,5.80746603,2.011444092,7.944504261
477.8843473,-506.4411858,411.868084,-0.002221679687,0.001884765625,-0.001484375,872.9492187,2.1484375,133.984375,14,12,5.80746603,2.011444092,7.944504261
477.8843473,-506.4411858,411.868084,-0.002221679687,0.001884765625,-0.001484375,872.9492187,2.1484375,133.984375,14,12,5.793319702,2.011444092,7.944504261
477.8843473,-506.4411858,411.868084,-0.002221679687,0.001884765625,-0.001484375,872.9492187,2.1484375,133.984375,14,12,5.793319702,2.011444092,7.944504261
477.8843473,-506.4411858,411.868084,-0.002221679687,0.001884765625,-0.001484375,872.9492187,2.1484375,133.984375,14,12,5.802538872,2.011444092,8.580870628
477.8843473,-506.4411858,411.868084,-0.002221679687,0.001884765625,-0.001484375,872.9492187,2.1484375,133.984375,14,12,5.802538872,1.817470551,8.580870628
477.8843473,-506.4411858,411.868084,-0.002221679687,0.001884765625,-0.001484375,872.9492187,2.1484375,133.984375,14,12,5.803747177,1.817470551,8.580870628
477.8843473,-506.4411858,411.868084,-0.002221679687,0.001884765625,-0.001484375,872.9492187,2.1484375,133.984375,14,12,5.803747177,1.817470551,8.580870628
477.8843473,-506.4411858,411.868084,-0.002221679687,0.001884765625,-0.001484375,872.9492187,2.1484375,133.984375,14,12,5.790268421,1.817470551,8.580870628
477.8843473,-506.4411858,411.868084,-0.002221679687,0.001884765625,-0.001484375,872.9492187,2.1484375,133.984375,14,12,5.790268421,1.817470551,8.580870628
477.8843473,-506.4411858,411.868084,-0.002221679687,0.001884765625,-0.001484375,872.9492187,2.1484375,133.984375,14,12,5.784132957,1.817470551,8.580870628
477.8843473,-506.4411858,411.868084,-0.002221679687,0.001884765625,-0.001484375,872.9492187,2.1484375,133.984375,14,12,5.784132957,1.817470551,8.580870628
477.8843473,-506.4411858,411.868084,-0.002221679687,0.001884765625,-0.001484375,872.9492187,2.1484375,133.984375,14,12,5.781335354,1.817470551,8.580870628
477.8843473,-506.4411858,411.868084,-0.002221679687,0.001884765625,-0.001484375,872.9492187,2.1484375,133.984375,14,12,5.781335354,1.817470551,8.580870628
477.8843473,-506.4411858,411.868084,-0.002221679687,0.001884765625,-0.001484375,872.9492187,2.1484375,133.984375,14,12,5.783878326,1.817470551,8.77691555
477.8843473,-506.4411858,411.868084,-0.002221679687,0.001884765625,-0.001484375,872.9492187,2.1484375,133.984375,14,12,5.783878326,1.199168324,8.77691555
477.9260798,-506.4374212,411.8649941,0.002939453125,-0.001782226563,-0.003623046875,834.6679688,75.29296875,-61.81640625,14,12,5.783083439,1.199168324,8.77691555
477.9260798,-506.4374212,411.8649941,0.002939453125,-0.001782226563,-0.003623046875,834.6679688,75.29296875,-61.81640625,14,12,5.783083439,1.199168324,8.77691555
477.9260798,-506.4374212,411.8649941,0.002939453125,-0.001782226563,-0.003623046875,834.6679688,75.29296875,-61.81640625,14,12,5.773610592,1.199168324,8.77691555
477.9260798,-506.4374212,411.8649941,0.002939453125,-0.001782226563,-0.003623046875,834.6679688,75.29296875,-61.81640625,14,12,5.773610592,1.199168324,8.77691555
477.9260798,-506.4374212,411.8649941,0.002939453125,-0.001782226563,-0.003623046875,834.6679688,75.29296875,-61.81640625,14,12,5.760131836,1.199168324,8.77691555
477.9260798,-506.4374212,411.8649941,0.002939453125,-0.001782226563,-0.003623046875,834.6679688,75.29296875,-61.81640625,14,12,5.760131836,1.199168324,8.77691555
477.9260798,-506.4374212,411.8649941,0.002939453125,-0.001782226563,-0.003623046875,834.6679688,75.29296875,-61.81640625,14,12,5.775358677,1.199168324,8.77691555
477.9260798,-506.4374212,411.8649941,0.002939453125,-0.001782226563,-0.003623046875,834.6679688,75.29296875,-61.81640625,14,12,5.775358677,1.199168324,8.77691555
477.9260798,-506.4374212,411.8649941,0.002939453125,-0.001782226563,-0.003623046875,834.6679688,75.29296875,-61.81640625,14,12,5.76254797,1.199168324,8.79850769
477.9260798,-506.4374212,411.8649941,0.002939453125,-0.001782226563,-0.003623046875,834.6679688,75.29296875,-61.81640625,14,12,5.76254797,0.3793995678,8.79850769
477.9260798,-506.4374212,411.8649941,0.002939453125,-0.001782226563,-0.003623046875,834.6679688,75.29296875,-61.81640625,14,12,5.765758991,0.3793995678,8.79850769
477.9260798,-506.4374212,411.8649941,0.002939453125,-0.001782226563,-0.003623046875,834.6679688,75.29296875,-61.81640625,14,12,5.765758991,0.3793995678,8.79850769
477.9260798,-506.4374212,411.8649941,0.002939453125,-0.001782226563,-0.003623046875,834.6679688,75.29296875,-61.81640625,14,12,5.768301964,0.3793995678,8.79850769
477.9260798,-506.4374212,411.8649941,0.002939453125,-0.001782226563,-0.003623046875,834.6679688,75.29296875,-61.81640625,14,12,5.768301964,0.3793995678,8.79850769
477.9260798,-506.4374212,411.8649941,0.002939453125,-0.001782226563,-0.003623046875,834.6679688,75.29296875,-61.81640625,14,12,5.770177364,0.3793995678,8.79850769
477.9260798,-506.4374212,411.8649941,0.002939453125,-0.001782226563,-0.003623046875,834.6679688,75.29296875,-61.81640625,14,12,5.770177364,0.3793995678,8.79850769
477.9260798,-506.4374212,411.8649941,0.002939453125,-0.001782226563,-0.003623046875,834.6679688,75.29296875,-61.81640625,14,12,5.760036945,0.3793995678,8.79850769
477.9260798,-506.4374212,411.8649941,0.002939453125,-0.001782226563,-0.003623046875,834.6679688,75.29296875,-61.81640625,14,12,5.760036945,0.3793995678,8.79850769
477.9260798,-506.4374212,411.8649941,0.002939453125,-0.001782226563,-0.003623046875,834.6679688,75.29296875,-61.81640625,14,12,5.754569054,0.3793995678,8.371505737
477.9260798,-506.4374212,411.8649941,0.002939453125,-0.001782226563,-0.003623046875,834.6679688,75.29296875,-61.81640625,14,12,5.754569054,0.08670164645,8.371505737
477.9260798,-506.4374212,411.8649941,0.002939453125,-0.001782226563,-0.003623046875,834.6679688,75.29296875,-61.81640625,14,12,5.766458511,0.08670164645,8.371505737
477.9260798,-506.4374212,411.8649941,0.002939453125,-0.001782226563,-0.003623046875,834.6679688,75.29296875,-61.81640625,14,12,5.766458511,0.08670164645,8.371505737
477.9260798,-506.4374212,411.8649941,0.002939453125,-0.001782226563,-0.003623046875,834.6679688,75.29296875,-61.81640625,14,12,5.75898838,0.08670164645,8.371505737
477.9260798,-506.4374212,411.8649941,0.002939453125,-0.001782226563,-0.003623046875,834.6679688,75.29296875,-61.81640625,14,12,5.75898838,0.08670164645,8.371505737
477.9260798,-506.4374212,411.8649941,0.002939453125,-0.001782226563,-0.003623046875,834.6679688,75.29296875,-61.81640625,14,12,5.753520489,0.08670164645,8.371505737
477.9260798,-506.4374212,411.8649941,0.002939453125,-0.001782226563,-0.003623046875,834.6679688,75.29296875,-61.81640625,14,12,5.753520489,0.08670164645,8.371505737
477.9260798,-506.4374212,411.8649941,0.002939453125,-0.001782226563,-0.003623046875,834.6679688,75.29296875,-61.81640625,14,12,5.754728794,0.08670164645,8.371505737
477.9260798,-506.4374212,411.8649941,0.002939453125,-0.001782226563,-0.003623046875,834.6679688,75.29296875,-61.81640625,14,12,5.754728794,0.08670164645,8.371505737
477.9260798,-506.4374212,411.8649941,0.002939453125,-0.001782226563,-0.003623046875,834.6679688,75.29296875,-61.81640625,14,12,5.767285347,0.08670164645,7.608913898
477.9260798,-506.4374212,411.8649941,0.002939453125,-0.001782226563,-0.003623046875,834.6679688,75.29296875,-61.81640625,14,12,5.767285347,0.1797996312,7.608913898
477.9760984,-506.4407024,411.861162,0.000751953125,-0.0004638671875,0.003237304687,1000.390625,-65.625,-76.66015625,14,12,5.770496368,0.1797996312,7.608913898
477.9760984,-506.4407024,411.861162,0.000751953125,-0.0004638671875,0.003237304687,1000.390625,-65.625,-76.66015625,14,12,5.770496368,0.1797996312,7.608913898
477.9760984,-506.4407024,411.861162,0.000751953125,-0.0004638671875,0.003237304687,1000.390625,-65.625,-76.66015625,14,12,5.764360905,0.1797996312,7.608913898
477.9760984,-506.4407024,411.861162,0.000751953125,-0.0004638671875,0.003237304687,1000.390625,-65.625,-76.66015625,14,12,5.764360905,0.1797996312,7.608913898
477.9760984,-506.4407024,411.861162,0.000751953125,-0.0004638671875,0.003237304687,1000.390625,-65.625,-76.66015625,14,12,5.756890774,0.1797996312,7.608913898
477.9760984,-506.4407024,411.861162,0.000751953125,-0.0004638671875,0.003237304687,1000.390625,-65.625,-76.66015625,14,12,5.756890774,0.1797996312,7.608913898
477.9760984,-506.4407024,411.861162,0.000751953125,-0.0004638671875,0.003237304687,1000.390625,-65.625,-76.66015625,14,12,5.784134388,0.1797996312,7.608913898
477.9760984,-506.4407024,411.861162,0.000751953125,-0.0004638671875,0.003237304687,1000.390625,-65.625,-76.66015625,14,12,5.784134388,0.1797996312,7.608913898
477.9760984,-506.4407024,411.861162,0.000751953125,-0.0004638671875,0.003237304687,1000.390625,-65.625,-76.66015625,14,12,5.785342693,0.1797996312,7.055615902
477.9760984,-506.4407024,411.861162,0.000751953125,-0.0004638671875,0.003237304687,1000.390625,-65.625,-76.66015625,14,12,5.785342693,0.1456018984,7.055615902
477.9760984,-506.4407024,411.861162,0.000751953125,-0.0004638671875,0.003237304687,1000.390625,-65.625,-76.66015625,14,12,5.788553715,0.1456018984,7.055615902
477.9760984,-506.4407024,411.861162,0.000751953125,-0.0004638671875,0.003237304687,1000.390625,-65.625,-76.66015625,14,12,5.788553715,0.1456018984,7.055615902
477.9760984,-506.4407024,411.861162,0.000751953125,-0.0004638671875,0.003237304687,1000.390625,-65.625,-76.66015625,14,12,5.779080868,0.1456018984,7.055615902
477.9760984,-506.4407024,411.861162,0.000751953125,-0.0004638671875,0.003237304687,1000.390625,-65.625,-76.66015625,14,12,5.779080868,0.1456018984,7.055615902
477.9760984,-506.4407024,411.861162,0.000751953125,-0.0004638671875,0.003237304687,1000.390625,-65.625,-76.66015625,14,12,5.790970325,0.1456018984,7.055615902
477.9760984,-506.4407024,411.861162,0.000751953125,-0.0004638671875,0.003237304687,1000.390625,-65.625,-76.66015625,14,12,5.790970325,0.1456018984,7.055615902
477.9760984,-506.4407024,411.861162,0.000751953125,-0.0004638671875,0.003237304687,1000.390625,-65.625,-76.66015625,14,12,5.813540936,0.1456018984,7.055615902
477.9760984,-506.4407024,411.861162,0.000751953125,-0.0004638671875,0.003237304687,1000.390625,-65.625,-76.66015625,14,12,5.813540936,0.1456018984,7.055615902
477.9760984,-506.4407024,411.861162,0.000751953125,-0.0004638671875,0.003237304687,1000.390625,-65.625,-76.66015625,14,12,5.802064896,0.1456018984,6.811486244
477.9760984,-506.4407024,411.861162,0.000751953125,-0.0004638671875,0.003237304687,1000.390625,-65.625,-76.66015625,14,12,5.802064896,0.8380250931,6.811486244
477.9760984,-506.4407024,411.861162,0.000751953125,-0.0004638671875,0.003237304687,1000.390625,-65.625,-76.66015625,14,12,5.799267292,0.8380250931,6.811486244
477.9760984,-506.4407024,411.861162,0.000751953125,-0.0004638671875,0.003237304687,1000.390625,-65.625,-76.66015625,14,12,5.799267292,0.8380250931,6.811486244
477.9760984,-506.4407024,411.861162,0.000751953125,-0.0004638671875,0.003237304687,1000.390625,-65.625,-76.66015625,14,12,5.805816174,0.8380250931,6.811486244
477.9760984,-506.4407024,411.861162,0.000751953125,-0.0004638671875,0.003237304687,1000.390625,-65.625,-76.66015625,14,12,5.805816174,0.8380250931,6.811486244
477.9760984,-506.4407024,411.861162,0.000751953125,-0.0004638671875,0.003237304687,1000.390625,-65.625,-76.66015625,14,12,5.835062027,0.8380250931,6.811486244
477.9760984,-506.4407024,411.861162,0.000751953125,-0.0004638671875,0.003237304687,1000.390625,-65.625,-76.66015625,14,12,5.835062027,0.8380250931,6.811486244
477.9760984,-506.4407024,411.861162,0.000751953125,-0.0004638671875,0.003237304687,1000.390625,-65.625,-76.66015625,14,12,5.828259468,0.8380250931,6.811486244
477.9760984,-506.4407024,411.861162,0.000751953125,-0.0004638671875,0.003237304687,1000.390625,-65.625,-76.66015625,14,12,5.828259468,0.8380250931,6.811486244
477.9760984,-506.4407024,411.861162,0.000751953125,-0.0004638671875,0.003237304687,1000.390625,-65.625,-76.66015625,14,12,5.821456909,0.8380250931,6.916091919
477.9760984,-506.4407024,411.861162,0.000751953125,-0.0004638671875,0.003237304687,1000.390625,-65.625,-76.66015625,14,12,5.821456909,1.649979234,6.916091919
478.0217274,-506.441718,411.8667293,-0.003217773437,0.001723632812,6.34765625e-05,912.5976563,-20.3125,111.328125,14,12,5.830676079,1.649979234,6.916091919
478.0217274,-506.441718,411.8667293,-0.003217773437,0.001723632812,6.34765625e-05,912.5976563,-20.3125,111.328125,14,12,5.830676079,1.649979234,6.916091919
478.0217274,-506.441718,411.8667293,-0.003217773437,0.001723632812,6.34765625e-05,912.5976563,-20.3125,111.328125,14,12,5.853913784,1.649979234,6.916091919
478.0217274,-506.441718,411.8667293,-0.003217773437,0.001723632812,6.34765625e-05,912.5976563,-20.3125,111.328125,14,12,5.853913784,1.649979234,6.916091919
478.0217274,-506.441718,411.8667293,-0.003217773437,0.001723632812,6.34765625e-05,912.5976563,-20.3125,111.328125,14,12,5.85111618,1.649979234,6.916091919
478.0217274,-506.441718,411.8667293,-0.003217773437,0.001723632812,6.34765625e-05,912.5976563,-20.3125,111.328125,14,12,5.85111618,1.649979234,6.916091919
478.0217274,-506.441718,411.8667293,-0.003217773437,0.001723632812,6.34765625e-05,912.5976563,-20.3125,111.328125,14,12,5.850321293,1.649979234,6.916091919
478.0217274,-506.441718,411.8667293,-0.003217773437,0.001723632812,6.34765625e-05,912.5976563,-20.3125,111.328125,14,12,5.850321293,1.649979234,6.916091919
478.0217274,-506.441718,411.8667293,-0.003217773437,0.001723632812,6.34765625e-05,912.5976563,-20.3125,111.328125,14,12,5.847523689,1.649979234,7.482616425
478.0217274,-506.441718,411.8667293,-0.003217773437,0.001723632812,6.34765625e-05,912.5976563,-20.3125,111.328125,14,12,5.847523689,2.141264439,7.482616425
478.0217274,-506.441718,411.8667293,-0.003217773437,0.001723632812,6.34765625e-05,912.5976563,-20.3125,111.328125,14,12,5.856742859,2.141264439,7.482616425
478.0217274,-506.441718,411.8667293,-0.003217773437,0.001723632812,6.34765625e-05,912.5976563,-20.3125,111.328125,14,12,5.856742859,2.141264439,7.482616425
478.0217274,-506.441718,411.8667293,-0.003217773437,0.001723632812,6.34765625e-05,912.5976563,-20.3125,111.328125,14,12,5.866629124,2.141264439,7.482616425
478.0217274,-506.441718,411.8667293,-0.003217773437,0.001723632812,6.34765625e-05,912.5976563,-20.3125,111.328125,14,12,5.866629124,2.141264439,7.482616425
478.0217274,-506.441718,411.8667293,-0.003217773437,0.001723632812,6.34765625e-05,912.5976563,-20.3125,111.328125,14,12,5.859826565,2.141264439,7.482616425
478.0217274,-506.441718,411.8667293,-0.003217773437,0.001723632812,6.34765625e-05,912.5976563,-20.3125,111.328125,14,12,5.859826565,2.141264439,7.482616425
478.0217274,-506.441718,411.8667293,-0.003217773437,0.001723632812,6.34765625e-05,912.5976563,-20.3125,111.328125,14,12,5.856361389,2.141264439,7.482616425
478.0217274,-506.441718,411.8667293,-0.003217773437,0.001723632812,6.34765625e-05,912.5976563,-20.3125,111.328125,14,12,5.856361389,2.141264439,7.482616425
478.0217274,-506.441718,411.8667293,-0.003217773437,0.001723632812,6.34765625e-05,912.5976563,-20.3125,111.328125,14,12,5.868917942,2.141264439,8.266860962
478.0217274,-506.441718,411.8667293,-0.003217773437,0.001723632812,6.34765625e-05,912.5976563,-20.3125,111.328125,14,12,5.868917942,1.981032848,8.266860962
478.0217274,-506.441718,411.8667293,-0.003217773437,0.001723632812,6.34765625e-05,912.5976563,-20.3125,111.328125,14,12,5.879471779,1.981032848,8.266860962
478.0217274,-506.441718,411.8667293,-0.003217773437,0.001723632812,6.34765625e-05,912.5976563,-20.3125,111.328125,14,12,5.879471779,1.981032848,8.266860962
478.0217274,-506.441718,411.8667293,-0.003217773437,0.001723632812,6.34765625e-05,912.5976563,-20.3125,111.328125,14,12,5.86933136,1.981032848,8.266860962
478.0217274,-506.441718,411.8667293,-0.003217773437,0.001723632812,6.34765625e-05,912.5976563,-20.3125,111.328125,14,12,5.86933136,1.981032848,8.266860962
478.0217274,-506.441718,411.8667293,-0.003217773437,0.001723632812,6.34765625e-05,912.5976563,-20.3125,111.328125,14,12,5.863863468,1.981032848,8.266860962
478.0217274,-506.441718,411.8667293,-0.003217773437,0.001723632812,6.34765625e-05,912.5976563,-20.3125,111.328125,14,12,5.863863468,1.981032848,8.266860962
478.0217274,-506.441718,411.8667293,-0.003217773437,0.001723632812,6.34765625e-05,912.5976563,-20.3125,111.328125,14,12,5.865738869,1.981032848,8.266860962
478.0217274,-506.441718,411.8667293,-0.003217773437,0.001723632812,6.34765625e-05,912.5976563,-20.3125,111.328125,14,12,5.865738869,1.981032848,8.266860962
478.0217274,-506.441718,411.8667293,-0.003217773437,0.001723632812,6.34765625e-05,912.5976563,-20.3125,111.328125,14,12,5.879631042,1.981032848,8.554383278
478.0217274,-506.441718,411.8667293,-0.003217773437,0.001723632812,6.34765625e-05,912.5976563,-20.3125,111.328125,14,12,5.879631042,1.504598498,8.554383278
478.0628153,-506.4375969,411.8652166,0.001713867187,-0.001064453125,-0.003193359375,821.7773438,82.421875,-30.2734375,14,12,5.866152287,1.504598498,8.554383278
478.0628153,-506.4375969,411.8652166,0.001713867187,-0.001064453125,-0.003193359375,821.7773438,82.421875,-30.2734375,14,12,5.866152287,1.504598498,8.554383278
478.0628153,-506.4375969,411.8652166,0.001713867187,-0.001064453125,-0.003193359375,821.7773438,82.421875,-30.2734375,14,12,5.863354683,1.504598498,8.554383278
478.0628153,-506.4375969,411.8652166,0.001713867187,-0.001064453125,-0.003193359375,821.7773438,82.421875,-30.2734375,14,12,5.863354683,1.504598498,8.554383278
478.0628153,-506.4375969,411.8652166,0.001713867187,-0.001064453125,-0.003193359375,821.7773438,82.421875,-30.2734375,14,12,5.856552124,1.504598498,8.554383278
478.0628153,-506.4375969,411.8652166,0.001713867187,-0.001064453125,-0.003193359375,821.7773438,82.421875,-30.2734375,14,12,5.856552124,1.504598498,8.554383278
478.0628153,-506.4375969,411.8652166,0.001713867187,-0.001064453125,-0.003193359375,821.7773438,82.421875,-30.2734375,14,12,5.857092857,1.504598498,8.554383278
478.0628153,-506.4375969,411.8652166,0.001713867187,-0.001064453125,-0.003193359375,821.7773438,82.421875,-30.2734375,14,12,5.857092857,1.504598498,8.554383278
478.0628153,-506.4375969,411.8652166,0.001713867187,-0.001064453125,-0.003193359375,821.7773438,82.421875,-30.2734375,14,12,5.852960587,1.504598498,8.79850769
478.0628153,-506.4375969,411.8652166,0.001713867187,-0.001064453125,-0.003193359375,821.7773438,82.421875,-30.2734375,14,12,5.852960587,0.6771506071,8.79850769
478.0628153,-506.4375969,411.8652166,0.001713867187,-0.001064453125,-0.003193359375,821.7773438,82.421875,-30.2734375,14,12,5.838814259,0.6771506071,8.79850769
478.0628153,-506.4375969,411.8652166,0.001713867187,-0.001064453125,-0.003193359375,821.7773438,82.421875,-30.2734375,14,12,5.838814259,0.6771506071,8.79850769
478.0628153,-506.4375969,411.8652166,0.001713867187,-0.001064453125,-0.003193359375,821.7773438,82.421875,-30.2734375,14,12,5.833346367,0.6771506071,8.79850769
478.0628153,-506.4375969,411.8652166,0.001713867187,-0.001064453125,-0.003193359375,821.7773438,82.421875,-30.2734375,14,12,5.833346367,0.6771506071,8.79850769
478.0628153,-506.4375969,411.8652166,0.001713867187,-0.001064453125,-0.003193359375,821.7773438,82.421875,-30.2734375,14,12,5.838559628,0.6771506071,8.79850769
478.0628153,-506.4375969,411.8652166,0.001713867187,-0.001064453125,-0.003193359375,821.7773438,82.421875,-30.2734375,14,12,5.838559628,0.6771506071,8.79850769
478.0628153,-506.4375969,411.8652166,0.001713867187,-0.001064453125,-0.003193359375,821.7773438,82.421875,-30.2734375,14,12,5.833759785,0.6771506071,8.79850769
478.0628153,-506.4375969,411.8652166,0.001713867187,-0.001064453125,-0.003193359375,821.7773438,82.421875,-30.2734375,14,12,5.833759785,0.6771506071,8.79850769
478.0628153,-506.4375969,411.8652166,0.001713867187,-0.001064453125,-0.003193359375,821.7773438,82.421875,-30.2734375,14,12,5.823619366,0.6771506071,8.650679588
478.0628153,-506.4375969,411.8652166,0.001713867187,-0.001064453125,-0.003193359375,821.7773438,82.421875,-30.2734375,14,12,5.823619366,0.07532812655,8.650679588
478.0628153,-506.4375969,411.8652166,0.001713867187,-0.001064453125,-0.003193359375,821.7773438,82.421875,-30.2734375,14,12,5.828832626,0.07532812655,8.650679588
478.0628153,-506.4375969,411.8652166,0.001713867187,-0.001064453125,-0.003193359375,821.7773438,82.421875,-30.2734375,14,12,5.828832626,0.07532812655,8.650679588
478.0628153,-506.4375969,411.8652166,0.001713867187,-0.001064453125,-0.003193359375,821.7773438,82.421875,-30.2734375,14,12,5.823364735,0.07532812655,8.650679588
478.0628153,-506.4375969,411.8652166,0.001713867187,-0.001064453125,-0.003193359375,821.7773438,82.421875,-30.2734375,14,12,5.823364735,0.07532812655,8.650679588
478.0628153,-506.4375969,411.8652166,0.001713867187,-0.001064453125,-0.003193359375,821.7773438,82.421875,-30.2734375,14,12,5.812556267,0.07532812655,8.650679588
478.0628153,-506.4375969,411.8652166,0.001713867187,-0.001064453125,-0.003193359375,821.7773438,82.421875,-30.2734375,14,12,5.812556267,0.07532812655,8.650679588
478.0628153,-506.4375969,411.8652166,0.001713867187,-0.001064453125,-0.003193359375,821.7773438,82.421875,-30.2734375,14,12,5.807088375,0.07532812655,8.650679588
478.0628153,-506.4375969,411.8652166,0.001713867187,-0.001064453125,-0.003193359375,821.7773438,82.421875,-30.2734375,14,12,5.807088375,0.07532812655,8.650679588
478.0628153,-506.4375969,411.8652166,0.001713867187,-0.001064453125,-0.003193359375,821.7773438,82.421875,-30.2734375,14,12,5.809631348,0.07532812655,8.210338593
478.0628153,-506.4375969,411.8652166,0.001713867187,-0.001064453125,-0.003193359375,821.7773438,82.421875,-30.2734375,14,12,5.809631348,0.2068880349,8.210338593
478.1115449,-506.4408831,411.8602126,0.00095703125,-0.0009033203125,0.003544921875,974.609375,-65.72265625,-100.0976563,14,12,5.813509941,0.2068880349,8.210338593
478.1115449,-506.4408831,411.8602126,0.00095703125,-0.0009033203125,0.003544921875,974.609375,-65.72265625,-100.0976563,14,12,5.813509941,0.2068880349,8.210338593
478.1115449,-506.4408831,411.8602126,0.00095703125,-0.0009033203125,0.003544921875,974.609375,-65.72265625,-100.0976563,14,12,5.797360897,0.2068880349,8.210338593
478.1115449,-506.4408831,411.8602126,0.00095703125,-0.0009033203125,0.003544921875,974.609375,-65.72265625,-100.0976563,14,12,5.797360897,0.2068880349,8.210338593
478.1115449,-506.4408831,411.8602126,0.00095703125,-0.0009033203125,0.003544921875,974.609375,-65.72265625,-100.0976563,14,12,5.79990387,0.2068880349,8.210338593
478.1115449,-506.4408831,411.8602126,0.00095703125,-0.0009033203125,0.003544921875,974.609375,-65.72265625,-100.0976563,14,12,5.79990387,0.2068880349,8.210338593
478.1115449,-506.4408831,411.8602126,0.00095703125,-0.0009033203125,0.003544921875,974.609375,-65.72265625,-100.0976563,14,12,5.811125755,0.2068880349,8.210338593
478.1115449,-506.4408831,411.8602126,0.00095703125,-0.0009033203125,0.003544921875,974.609375,-65.72265625,-100.0976563,14,12,5.811125755,0.2068880349,8.210338593
478.1115449,-506.4408831,411.8602126,0.00095703125,-0.0009033203125,0.003544921875,974.609375,-65.72265625,-100.0976563,14,12,5.802987576,0.2068880349,7.574038029
478.1115449,-506.4408831,411.8602126,0.00095703125,-0.0009033203125,0.003544921875,974.609375,-65.72265625,-100.0976563,14,12,5.802987576,0.1365136355,7.574038029
478.1115449,-506.4408831,411.8602126,0.00095703125,-0.0009033203125,0.003544921875,974.609375,-65.72265625,-100.0976563,14,12,5.788841248,0.1365136355,7.574038029
478.1115449,-506.4408831,411.8602126,0.00095703125,-0.0009033203125,0.003544921875,974.609375,-65.72265625,-100.0976563,14,12,5.788841248,0.1365136355,7.574038029
478.1115449,-506.4408831,411.8602126,0.00095703125,-0.0009033203125,0.003544921875,974.609375,-65.72265625,-100.0976563,14,12,5.799395084,0.1365136355,7.574038029
478.1115449,-506.4408831,411.8602126,0.00095703125,-0.0009033203125,0.003544921875,974.609375,-65.72265625,-100.0976563,14,12,5.799395084,0.1365136355,7.574038029
478.1115449,-506.4408831,411.8602126,0.00095703125,-0.0009033203125,0.003544921875,974.609375,-65.72265625,-100.0976563,14,12,5.803273678,0.1365136355,7.574038029
478.1115449,-506.4408831,411.8602126,0.00095703125,-0.0009033203125,0.003544921875,974.609375,-65.72265625,-100.0976563,14,12,5.803273678,0.1365136355,7.574038029
478.1115449,-506.4408831,411.8602126,0.00095703125,-0.0009033203125,0.003544921875,974.609375,-65.72265625,-100.0976563,14,12,5.806484699,0.1365136355,7.574038029
478.1115449,-506.4408831,411.8602126,0.00095703125,-0.0009033203125,0.003544921875,974.609375,-65.72265625,-100.0976563,14,12,5.806484699,0.1365136355,7.574038029
478.1115449,-506.4408831,411.8602126,0.00095703125,-0.0009033203125,0.003544921875,974.609375,-65.72265625,-100.0976563,14,12,5.792338371,0.1365136355,7.133921146
478.1115449,-506.4408831,411.8602126,0.00095703125,-0.0009033203125,0.003544921875,974.609375,-65.72265625,-100.0976563,14,12,5.792338371,0.3956420422,7.133921146
478.1115449,-506.4408831,411.8602126,0.00095703125,-0.0009033203125,0.003544921875,974.609375,-65.72265625,-100.0976563,14,12,5.778859615,0.3956420422,7.133921146
478.1115449,-506.4408831,411.8602126,0.00095703125,-0.0009033203125,0.003544921875,974.609375,-65.72265625,-100.0976563,14,12,5.778859615,0.3956420422,7.133921146
478.1115449,-506.4408831,411.8602126,0.00095703125,-0.0009033203125,0.003544921875,974.609375,-65.72265625,-100.0976563,14,12,5.802097321,0.3956420422,7.133921146
478.1115449,-506.4408831,411.8602126,0.00095703125,-0.0009033203125,0.003544921875,974.609375,-65.72265625,-100.0976563,14,12,5.802097321,0.3956420422,7.133921146
478.1115449,-506.4408831,411.8602126,0.00095703125,-0.0009033203125,0.003544921875,974.609375,-65.72265625,-100.0976563,14,12,5.807310581,0.3956420422,7.133921146
478.1115449,-506.4408831,411.8602126,0.00095703125,-0.0009033203125,0.003544921875,974.609375,-65.72265625,-100.0976563,14,12,5.807310581,0.3956420422,7.133921146
478.1115449,-506.4408831,411.8602126,0.00095703125,-0.0009033203125,0.003544921875,974.609375,-65.72265625,-100.0976563,14,12,5.78982687,0.3956420422,7.133921146
478.1115449,-506.4408831,411.8602126,0.00095703125,-0.0009033203125,0.003544921875,974.609375,-65.72265625,-100.0976563,14,12,5.78982687,0.3956420422,7.133921146
478.1115449,-506.4408831,411.8602126,0.00095703125,-0.0009033203125,0.003544921875,974.609375,-65.72265625,-100.0976563,14,12,5.789699554,0.3956420422,6.881219387
478.1115449,-506.4408831,411.8602126,0.00095703125,-0.0009033203125,0.003544921875,974.609375,-65.72265625,-100.0976563,14,12,5.789699554,1.242537379,6.881219387
478.1577256,-506.441928,411.8670787,-0.002856445312,0.001923828125,0.0003125,923.6328125,-20.8984375,137.3046875,14,12,5.802256107,1.242537379,6.881219387
478.1577256,-506.441928,411.8670787,-0.002856445312,0.001923828125,0.0003125,923.6328125,-20.8984375,137.3046875,14,12,5.802256107,1.242537379,6.881219387
478.1577256,-506.441928,411.8670787,-0.002856445312,0.001923828125,0.0003125,923.6328125,-20.8984375,137.3046875,14,12,5.805467129,1.242537379,6.881219387
478.1577256,-506.441928,411.8670787,-0.002856445312,0.001923828125,0.0003125,923.6328125,-20.8984375,137.3046875,14,12,5.805467129,1.242537379,6.881219387
478.1577256,-506.441928,411.8670787,-0.002856445312,0.001923828125,0.0003125,923.6328125,-20.8984375,137.3046875,14,12,5.806675434,1.242537379,6.881219387
478.1577256,-506.441928,411.8670787,-0.002856445312,0.001923828125,0.0003125,923.6328125,-20.8984375,137.3046875,14,12,5.806675434,1.242537379,6.881219387
478.1577256,-506.441928,411.8670787,-0.002856445312,0.001923828125,0.0003125,923.6328125,-20.8984375,137.3046875,14,12,5.782515526,1.242537379,6.881219387
478.1577256,-506.441928,411.8670787,-0.002856445312,0.001923828125,0.0003125,923.6328125,-20.8984375,137.3046875,14,12,5.782515526,1.242537379,6.881219387
478.1577256,-506.441928,411.8670787,-0.002856445312,0.001923828125,0.0003125,923.6328125,-20.8984375,137.3046875,14,12,5.798409939,1.242537379,7.399707794
478.1577256,-506.441928,411.8670787,-0.002856445312,0.001923828125,0.0003125,923.6328125,-20.8984375,137.3046875,14,12,5.798409939,1.907599092,7.399707794
478.1577256,-506.441928,411.8670787,-0.002856445312,0.001923828125,0.0003125,923.6328125,-20.8984375,137.3046875,14,12,5.812302113,1.907599092,7.399707794
478.1577256,-506.441928,411.8670787,-0.002856445312,0.001923828125,0.0003125,923.6328125,-20.8984375,137.3046875,14,12,5.812302113,1.907599092,7.399707794
478.1577256,-506.441928,411.8670787,-0.002856445312,0.001923828125,0.0003125,923.6328125,-20.8984375,137.3046875,14,12,5.796153069,1.907599092,7.399707794
478.1577256,-506.441928,411.8670787,-0.002856445312,0.001923828125,0.0003125,923.6328125,-20.8984375,137.3046875,14,12,5.796153069,1.907599092,7.399707794
478.1577256,-506.441928,411.8670787,-0.002856445312,0.001923828125,0.0003125,923.6328125,-20.8984375,137.3046875,14,12,5.796025753,1.907599092,7.399707794
478.1577256,-506.441928,411.8670787,-0.002856445312,0.001923828125,0.0003125,923.6328125,-20.8984375,137.3046875,14,12,5.796025753,1.907599092,7.399707794
478.1577256,-506.441928,411.8670787,-0.002856445312,0.001923828125,0.0003125,923.6328125,-20.8984375,137.3046875,14,12,5.797234058,1.907599092,7.399707794
478.1577256,-506.441928,411.8670787,-0.002856445312,0.001923828125,0.0003125,923.6328125,-20.8984375,137.3046875,14,12,5.797234058,1.907599092,7.399707794
478.1577256,-506.441928,411.8670787,-0.002856445312,0.001923828125,0.0003125,923.6328125,-20.8984375,137.3046875,14,12,5.801779747,1.907599092,8.210338593
478.1577256,-506.441928,411.8670787,-0.002856445312,0.001923828125,0.0003125,923.6328125,-20.8984375,137.3046875,14,12,5.801779747,1.942476869,8.210338593
478.1577256,-506.441928,411.8670787,-0.002856445312,0.001923828125,0.0003125,923.6328125,-20.8984375,137.3046875,14,12,5.815671921,1.942476869,8.210338593
478.1577256,-506.441928,411.8670787,-0.002856445312,0.001923828125,0.0003125,923.6328125,-20.8984375,137.3046875,14,12,5.815671921,1.942476869,8.210338593
478.1577256,-506.441928,411.8670787,-0.002856445312,0.001923828125,0.0003125,923.6328125,-20.8984375,137.3046875,14,12,5.802193165,1.942476869,8.210338593
478.1577256,-506.441928,411.8670787,-0.002856445312,0.001923828125,0.0003125,923.6328125,-20.8984375,137.3046875,14,12,5.802193165,1.942476869,8.210338593
478.1577256,-506.441928,411.8670787,-0.002856445312,0.001923828125,0.0003125,923.6328125,-20.8984375,137.3046875,14,12,5.799395561,1.942476869,8.210338593
478.1577256,-506.441928,411.8670787,-0.002856445312,0.001923828125,0.0003125,923.6328125,-20.8984375,137.3046875,14,12,5.799395561,1.942476869,8.210338593
478.1577256,-506.441928,411.8670787,-0.002856445312,0.001923828125,0.0003125,923.6328125,-20.8984375,137.3046875,14,12,5.811285019,1.942476869,8.210338593
478.1577256,-506.441928,411.8670787,-0.002856445312,0.001923828125,0.0003125,923.6328125,-20.8984375,137.3046875,14,12,5.811285019,1.942476869,8.210338593
478.1577256,-506.441928,411.8670787,-0.002856445312,0.001923828125,0.0003125,923.6328125,-20.8984375,137.3046875,14,12,5.8011446,1.942476869,8.637337685
478.1577256,-506.441928,411.8670787,-0.002856445312,0.001923828125,0.0003125,923.6328125,-20.8984375,137.3046875,14,12,5.8011446,1.676661015,8.637337685
478.1982911,-506.4375774,411.8671822,0.001342773438,-0.0005224609375,-0.004721679688,811.328125,87.01171875,2.05078125,14,12,5.78966856,1.676661015,8.637337685
478.1982911,-506.4375774,411.8671822,0.001342773438,-0.0005224609375,-0.004721679688,811.328125,87.01171875,2.05078125,14,12,5.78966856,1.676661015,8.637337685
478.1982911,-506.4375774,411.8671822,0.001342773438,-0.0005224609375,-0.004721679688,811.328125,87.01171875,2.05078125,14,12,5.776857853,1.676661015,8.637337685
478.1982911,-506.4375774,411.8671822,0.001342773438,-0.0005224609375,-0.004721679688,811.328125,87.01171875,2.05078125,14,12,5.776857853,1.676661015,8.637337685
478.1982911,-506.4375774,411.8671822,0.001342773438,-0.0005224609375,-0.004721679688,811.328125,87.01171875,2.05078125,14,12,5.784741402,1.676661015,8.637337685
478.1982911,-506.4375774,411.8671822,0.001342773438,-0.0005224609375,-0.004721679688,811.328125,87.01171875,2.05078125,14,12,5.784741402,1.676661015,8.637337685
478.1982911,-506.4375774,411.8671822,0.001342773438,-0.0005224609375,-0.004721679688,811.328125,87.01171875,2.05078125,14,12,5.793960571,1.676661015,8.637337685
478.1982911,-506.4375774,411.8671822,0.001342773438,-0.0005224609375,-0.004721679688,811.328125,87.01171875,2.05078125,14,12,5.793960571,1.676661015,8.637337685
478.1982911,-506.4375774,411.8671822,0.001342773438,-0.0005224609375,-0.004721679688,811.328125,87.01171875,2.05078125,14,12,5.77647686,1.676661015,8.811817169
478.1982911,-506.4375774,411.8671822,0.001342773438,-0.0005224609375,-0.004721679688,811.328125,87.01171875,2.05078125,14,12,5.77647686,0.9623434544,8.811817169
478.1982911,-506.4375774,411.8671822,0.001342773438,-0.0005224609375,-0.004721679688,811.328125,87.01171875,2.05078125,14,12,5.770341396,0.9623434544,8.811817169
478.1982911,-506.4375774,411.8671822,0.001342773438,-0.0005224609375,-0.004721679688,811.328125,87.01171875,2.05078125,14,12,5.770341396,0.9623434544,8.811817169
478.1982911,-506.4375774,411.8671822,0.001342773438,-0.0005224609375,-0.004721679688,811.328125,87.01171875,2.05078125,14,12,5.770214081,0.9623434544,8.811817169
478.1982911,-506.4375774,411.8671822,0.001342773438,-0.0005224609375,-0.004721679688,811.328125,87.01171875,2.05078125,14,12,5.770214081,0.9623434544,8.811817169
478.1982911,-506.4375774,411.8671822,0.001342773438,-0.0005224609375,-0.004721679688,811.328125,87.01171875,2.05078125,14,12,5.768752098,0.9623434544,8.811817169
478.1982911,-506.4375774,411.8671822,0.001342773438,-0.0005224609375,-0.004721679688,811.328125,87.01171875,2.05078125,14,12,5.768752098,0.9623434544,8.811817169
478.1982911,-506.4375774,411.8671822,0.001342773438,-0.0005224609375,-0.004721679688,811.328125,87.01171875,2.05078125,14,12,5.762616634,0.9623434544,8.811817169
478.1982911,-506.4375774,411.8671822,0.001342773438,-0.0005224609375,-0.004721679688,811.328125,87.01171875,2.05078125,14,12,5.762616634,0.9623434544,8.811817169
478.1982911,-506.4375774,411.8671822,0.001342773438,-0.0005224609375,-0.004721679688,811.328125,87.01171875,2.05078125,14,12,5.765827656,0.9623434544,8.650679588
478.1982911,-506.4375774,411.8671822,0.001342773438,-0.0005224609375,-0.004721679688,811.328125,87.01171875,2.05078125,14,12,5.765827656,0.2697059512,8.650679588
478.1982911,-506.4375774,411.8671822,0.001342773438,-0.0005224609375,-0.004721679688,811.328125,87.01171875,2.05078125,14,12,5.76570034,0.2697059512,8.650679588
478.1982911,-506.4375774,411.8671822,0.001342773438,-0.0005224609375,-0.004721679688,811.328125,87.01171875,2.05078125,14,12,5.76570034,0.2697059512,8.650679588
478.1982911,-506.4375774,411.8671822,0.001342773438,-0.0005224609375,-0.004721679688,811.328125,87.01171875,2.05078125,14,12,5.761568069,0.2697059512,8.650679588
478.1982911,-506.4375774,411.8671822,0.001342773438,-0.0005224609375,-0.004721679688,811.328125,87.01171875,2.05078125,14,12,5.761568069,0.2697059512,8.650679588
478.1982911,-506.4375774,411.8671822,0.001342773438,-0.0005224609375,-0.004721679688,811.328125,87.01171875,2.05078125,14,12,5.759438515,0.2697059512,8.650679588
478.1982911,-506.4375774,411.8671822,0.001342773438,-0.0005224609375,-0.004721679688,811.328125,87.01171875,2.05078125,14,12,5.759438515,0.2697059512,8.650679588
478.1982911,-506.4375774,411.8671822,0.001342773438,-0.0005224609375,-0.004721679688,811.328125,87.01171875,2.05078125,14,12,5.766654491,0.2697059512,8.650679588
478.1982911,-506.4375774,411.8671822,0.001342773438,-0.0005224609375,-0.004721679688,811.328125,87.01171875,2.05078125,14,12,5.766654491,0.2697059512,8.650679588
478.1982911,-506.4375774,411.8671822,0.001342773438,-0.0005224609375,-0.004721679688,811.328125,87.01171875,2.05078125,14,12,5.765192509,0.2697059512,8.223694801
478.1982911,-506.4375774,411.8671822,0.001342773438,-0.0005224609375,-0.004721679688,811.328125,87.01171875,2.05078125,14,12,5.765192509,0.09159335494,8.223694801
478.2469474,-506.440219,411.8607329,0.001840820313,-0.001772460937,0.002211914063,973.1445312,-52.83203125,-129.0039063,14,12,5.757054329,0.09159335494,8.223694801
478.2469474,-506.440219,411.8607329,0.001840820313,-0.001772460937,0.002211914063,973.1445312,-52.83203125,-129.0039063,14,12,5.757054329,0.09159335494,8.223694801
478.2469474,-506.440219,411.8607329,0.001840820313,-0.001772460937,0.002211914063,973.1445312,-52.83203125,-129.0039063,14,12,5.753589153,0.09159335494,8.223694801
478.2469474,-506.440219,411.8607329,0.001840820313,-0.001772460937,0.002211914063,973.1445312,-52.83203125,-129.0039063,14,12,5.753589153,0.09159335494,8.223694801
478.2469474,-506.440219,411.8607329,0.001840820313,-0.001772460937,0.002211914063,973.1445312,-52.83203125,-129.0039063,14,12,5.76414299,0.09159335494,8.223694801
478.2469474,-506.440219,411.8607329,0.001840820313,-0.001772460937,0.002211914063,973.1445312,-52.83203125,-129.0039063,14,12,5.76414299,0.09159335494,8.223694801
478.2469474,-506.440219,411.8607329,0.001840820313,-0.001772460937,0.002211914063,973.1445312,-52.83203125,-129.0039063,14,12,5.772026539,0.09159335494,8.223694801
478.2469474,-506.440219,411.8607329,0.001840820313,-0.001772460937,0.002211914063,973.1445312,-52.83203125,-129.0039063,14,12,5.772026539,0.09159335494,8.223694801
478.2469474,-506.440219,411.8607329,0.001840820313,-0.001772460937,0.002211914063,973.1445312,-52.83203125,-129.0039063,14,12,5.76188612,0.09159335494,7.539165497
478.2469474,-506.440219,411.8607329,0.001840820313,-0.001772460937,0.002211914063,973.1445312,-52.83203125,-129.0039063,14,12,5.76188612,0.1584730893,7.539165497
478.2469474,-506.440219,411.8607329,0.001840820313,-0.001772460937,0.002211914063,973.1445312,-52.83203125,-129.0039063,14,12,5.761758804,0.1584730893,7.539165497
478.2469474,-506.440219,411.8607329,0.001840820313,-0.001772460937,0.002211914063,973.1445312,-52.83203125,-129.0039063,14,12,5.761758804,0.1584730893,7.539165497
478.2469474,-506.440219,411.8607329,0.001840820313,-0.001772460937,0.002211914063,973.1445312,-52.83203125,-129.0039063,14,12,5.768307686,0.1584730893,7.539165497
478.2469474,-506.440219,411.8607329,0.001840820313,-0.001772460937,0.002211914063,973.1445312,-52.83203125,-129.0039063,14,12,5.768307686,0.1584730893,7.539165497
478.2469474,-506.440219,411.8607329,0.001840820313,-0.001772460937,0.002211914063,973.1445312,-52.83203125,-129.0039063,14,12,5.792212963,0.1584730893,7.539165497
478.2469474,-506.440219,411.8607329,0.001840820313,-0.001772460937,0.002211914063,973.1445312,-52.83203125,-129.0039063,14,12,5.792212963,0.1584730893,7.539165497
478.2469474,-506.440219,411.8607329,0.001840820313,-0.001772460937,0.002211914063,973.1445312,-52.83203125,-129.0039063,14,12,5.784742832,0.1584730893,7.539165497
478.2469474,-506.440219,411.8607329,0.001840820313,-0.001772460937,0.002211914063,973.1445312,-52.83203125,-129.0039063,14,12,5.784742832,0.1584730893,7.539165497
478.2469474,-506.440219,411.8607329,0.001840820313,-0.001772460937,0.002211914063,973.1445312,-52.83203125,-129.0039063,14,12,5.774602413,0.1584730893,6.972698689
478.2469474,-506.440219,411.8607329,0.001840820313,-0.001772460937,0.002211914063,973.1445312,-52.83203125,-129.0039063,14,12,5.774602413,0.2482449561,6.972698689
478.2469474,-506.440219,411.8607329,0.001840820313,-0.001772460937,0.002211914063,973.1445312,-52.83203125,-129.0039063,14,12,5.786491871,0.2482449561,6.972698689
478.2469474,-506.440219,411.8607329,0.001840820313,-0.001772460937,0.002211914063,973.1445312,-52.83203125,-129.0039063,14,12,5.786491871,0.2482449561,6.972698689
478.2469474,-506.440219,411.8607329,0.001840820313,-0.001772460937,0.002211914063,973.1445312,-52.83203125,-129.0039063,14,12,5.80772686,0.2482449561,6.972698689
478.2469474,-506.440219,411.8607329,0.001840820313,-0.001772460937,0.002211914063,973.1445312,-52.83203125,-129.0039063,14,12,5.80772686,0.2482449561,6.972698689
478.2469474,-506.440219,411.8607329,0.001840820313,-0.001772460937,0.002211914063,973.1445312,-52.83203125,-129.0039063,14,12,5.802258968,0.2482449561,6.972698689
478.2469474,-506.440219,411.8607329,0.001840820313,-0.001772460937,0.002211914063,973.1445312,-52.83203125,-129.0039063,14,12,5.802258968,0.2482449561,6.972698689
478.2469474,-506.440219,411.8607329,0.001840820313,-0.001772460937,0.002211914063,973.1445312,-52.83203125,-129.0039063,14,12,5.797459126,0.2482449561,6.972698689
478.2469474,-506.440219,411.8607329,0.001840820313,-0.001772460937,0.002211914063,973.1445312,-52.83203125,-129.0039063,14,12,5.797459126,0.2482449561,6.972698689
478.2469474,-506.440219,411.8607329,0.001840820313,-0.001772460937,0.002211914063,973.1445312,-52.83203125,-129.0039063,14,12,5.802672386,0.2482449561,6.868141651
478.2469474,-506.440219,411.8607329,0.001840820313,-0.001772460937,0.002211914063,973.1445312,-52.83203125,-129.0039063,14,12,5.802672386,0.9936759472,6.868141651
478.2954865,-506.4419085,411.8654701,-0.00263671875,0.001625976563,0.001640625,970.8007812,-33.7890625,94.7265625,14,12,5.825910091,0.9936759472,6.868141651
478.2954865,-506.4419085,411.8654701,-0.00263671875,0.001625976563,0.001640625,970.8007812,-33.7890625,94.7265625,14,12,5.825910091,0.9936759472,6.868141651
478.2954865,-506.4419085,411.8654701,-0.00263671875,0.001625976563,0.001640625,970.8007812,-33.7890625,94.7265625,14,12,5.829788685,0.9936759472,6.868141651
478.2954865,-506.4419085,411.8654701,-0.00263671875,0.001625976563,0.001640625,970.8007812,-33.7890625,94.7265625,14,12,5.829788685,0.9936759472,6.868141651
478.2954865,-506.4419085,411.8654701,-0.00263671875,0.001625976563,0.001640625,970.8007812,-33.7890625,94.7265625,14,12,5.820315838,0.9936759472,6.868141651
478.2954865,-506.4419085,411.8654701,-0.00263671875,0.001625976563,0.001640625,970.8007812,-33.7890625,94.7265625,14,12,5.820315838,0.9936759472,6.868141651
478.2954865,-506.4419085,411.8654701,-0.00263671875,0.001625976563,0.001640625,970.8007812,-33.7890625,94.7265625,14,12,5.826864719,0.9936759472,6.868141651
478.2954865,-506.4419085,411.8654701,-0.00263671875,0.001625976563,0.001640625,970.8007812,-33.7890625,94.7265625,14,12,5.826864719,0.9936759472,6.868141651
478.2954865,-506.4419085,411.8654701,-0.00263671875,0.001625976563,0.001640625,970.8007812,-33.7890625,94.7265625,14,12,5.846765041,0.9936759472,7.099070072
478.2954865,-506.4419085,411.8654701,-0.00263671875,0.001625976563,0.001640625,970.8007812,-33.7890625,94.7265625,14,12,5.846765041,1.793045044,7.099070072
478.2954865,-506.4419085,411.8654701,-0.00263671875,0.001625976563,0.001640625,970.8007812,-33.7890625,94.7265625,14,12,5.855316639,1.793045044,7.099070072
478.2954865,-506.4419085,411.8654701,-0.00263671875,0.001625976563,0.001640625,970.8007812,-33.7890625,94.7265625,14,12,5.855316639,1.793045044,7.099070072
478.2954865,-506.4419085,411.8654701,-0.00263671875,0.001625976563,0.001640625,970.8007812,-33.7890625,94.7265625,14,12,5.842505932,1.793045044,7.099070072
478.2954865,-506.4419085,411.8654701,-0.00263671875,0.001625976563,0.001640625,970.8007812,-33.7890625,94.7265625,14,12,5.842505932,1.793045044,7.099070072
478.2954865,-506.4419085,411.8654701,-0.00263671875,0.001625976563,0.001640625,970.8007812,-33.7890625,94.7265625,14,12,5.843714237,1.793045044,7.099070072
478.2954865,-506.4419085,411.8654701,-0.00263671875,0.001625976563,0.001640625,970.8007812,-33.7890625,94.7265625,14,12,5.843714237,1.793045044,7.099070072
478.2954865,-506.4419085,411.8654701,-0.00263671875,0.001625976563,0.001640625,970.8007812,-33.7890625,94.7265625,14,12,5.852265835,1.793045044,7.099070072
478.2954865,-506.4419085,411.8654701,-0.00263671875,0.001625976563,0.001640625,970.8007812,-33.7890625,94.7265625,14,12,5.852265835,1.793045044,7.099070072
478.2954865,-506.4419085,411.8654701,-0.00263671875,0.001625976563,0.001640625,970.8007812,-33.7890625,94.7265625,14,12,5.860149384,1.793045044,7.713560104
478.2954865,-506.4419085,411.8654701,-0.00263671875,0.001625976563,0.001640625,970.8007812,-33.7890625,94.7265625,14,12,5.860149384,2.039538383,7.713560104
478.2954865,-506.4419085,411.8654701,-0.00263671875,0.001625976563,0.001640625,970.8007812,-33.7890625,94.7265625,14,12,5.859354496,2.039538383,7.713560104
478.2954865,-506.4419085,411.8654701,-0.00263671875,0.001625976563,0.001640625,970.8007812,-33.7890625,94.7265625,14,12,5.859354496,2.039538383,7.713560104
478.2954865,-506.4419085,411.8654701,-0.00263671875,0.001625976563,0.001640625,970.8007812,-33.7890625,94.7265625,14,12,5.854554653,2.039538383,7.713560104
478.2954865,-506.4419085,411.8654701,-0.00263671875,0.001625976563,0.001640625,970.8007812,-33.7890625,94.7265625,14,12,5.854554653,2.039538383,7.713560104
478.2954865,-506.4419085,411.8654701,-0.00263671875,0.001625976563,0.001640625,970.8007812,-33.7890625,94.7265625,14,12,5.867111206,2.039538383,7.713560104
478.2954865,-506.4419085,411.8654701,-0.00263671875,0.001625976563,0.001640625,970.8007812,-33.7890625,94.7265625,14,12,5.867111206,2.039538383,7.713560104
478.2954865,-506.4419085,411.8654701,-0.00263671875,0.001625976563,0.001640625,970.8007812,-33.7890625,94.7265625,14,12,5.878333092,2.039538383,7.713560104
478.2954865,-506.4419085,411.8654701,-0.00263671875,0.001625976563,0.001640625,970.8007812,-33.7890625,94.7265625,14,12,5.878333092,2.039538383,7.713560104
478.2954865,-506.4419085,411.8654701,-0.00263671875,0.001625976563,0.001640625,970.8007812,-33.7890625,94.7265625,14,12,5.874200821,2.039538383,8.245229721
478.2954865,-506.4419085,411.8654701,-0.00263671875,0.001625976563,0.001640625,970.8007812,-33.7890625,94.7265625,14,12,5.874200821,1.853267908,8.245229721
478.335886,-506.4380706,411.8670335,-0.0001025390625,0.000126953125,-0.003608398437,808.0078125,76.7578125,31.25,14,12,5.865395069,1.853267908,8.245229721
478.335886,-506.4380706,411.8670335,-0.0001025390625,0.000126953125,-0.003608398437,808.0078125,76.7578125,31.25,14,12,5.865395069,1.853267908,8.245229721
478.335886,-506.4380706,411.8670335,-0.0001025390625,0.000126953125,-0.003608398437,808.0078125,76.7578125,31.25,14,12,5.86727047,1.853267908,8.245229721
478.335886,-506.4380706,411.8670335,-0.0001025390625,0.000126953125,-0.003608398437,808.0078125,76.7578125,31.25,14,12,5.86727047,1.853267908,8.245229721
478.335886,-506.4380706,411.8670335,-0.0001025390625,0.000126953125,-0.003608398437,808.0078125,76.7578125,31.25,14,12,5.873819351,1.853267908,8.245229721
478.335886,-506.4380706,411.8670335,-0.0001025390625,0.000126953125,-0.003608398437,808.0078125,76.7578125,31.25,14,12,5.873819351,1.853267908,8.245229721
478.335886,-506.4380706,411.8670335,-0.0001025390625,0.000126953125,-0.003608398437,808.0078125,76.7578125,31.25,14,12,5.869019508,1.853267908,8.245229721
478.335886,-506.4380706,411.8670335,-0.0001025390625,0.000126953125,-0.003608398437,808.0078125,76.7578125,31.25,14,12,5.869019508,1.853267908,8.245229721
478.335886,-506.4380706,411.8670335,-0.0001025390625,0.000126953125,-0.003608398437,808.0078125,76.7578125,31.25,14,12,5.856208801,1.853267908,8.532681465
478.335886,-506.4380706,411.8670335,-0.0001025390625,0.000126953125,-0.003608398437,808.0078125,76.7578125,31.25,14,12,5.856208801,1.234267592,8.532681465
478.335886,-506.4380706,411.8670335,-0.0001025390625,0.000126953125,-0.003608398437,808.0078125,76.7578125,31.25,14,12,5.856749535,1.234267592,8.532681465
478.335886,-506.4380706,411.8670335,-0.0001025390625,0.000126953125,-0.003608398437,808.0078125,76.7578125,31.25,14,12,5.856749535,1.234267592,8.532681465
478.335886,-506.4380706,411.8670335,-0.0001025390625,0.000126953125,-0.003608398437,808.0078125,76.7578125,31.25,14,12,5.85795784,1.234267592,8.532681465
478.335886,-506.4380706,411.8670335,-0.0001025390625,0.000126953125,-0.003608398437,808.0078125,76.7578125,31.25,14,12,5.85795784,1.234267592,8.532681465
478.335886,-506.4380706,411.8670335,-0.0001025390625,0.000126953125,-0.003608398437,808.0078125,76.7578125,31.25,14,12,5.851822376,1.234267592,8.532681465
478.335886,-506.4380706,411.8670335,-0.0001025390625,0.000126953125,-0.003608398437,808.0078125,76.7578125,31.25,14,12,5.851822376,1.234267592,8.532681465
478.335886,-506.4380706,411.8670335,-0.0001025390625,0.000126953125,-0.003608398437,808.0078125,76.7578125,31.25,14,12,5.844352245,1.234267592,8.532681465
478.335886,-506.4380706,411.8670335,-0.0001025390625,0.000126953125,-0.003608398437,808.0078125,76.7578125,31.25,14,12,5.844352245,1.234267592,8.532681465
478.335886,-506.4380706,411.8670335,-0.0001025390625,0.000126953125,-0.003608398437,808.0078125,76.7578125,31.25,14,12,5.831541538,1.234267592,8.820186615
478.335886,-506.4380706,411.8670335,-0.0001025390625,0.000126953125,-0.003608398437,808.0078125,76.7578125,31.25,14,12,5.831541538,0.5550144911,8.820186615
478.335886,-506.4380706,411.8670335,-0.0001025390625,0.000126953125,-0.003608398437,808.0078125,76.7578125,31.25,14,12,5.836087227,0.5550144911,8.820186615
478.335886,-506.4380706,411.8670335,-0.0001025390625,0.000126953125,-0.003608398437,808.0078125,76.7578125,31.25,14,12,5.836087227,0.5550144911,8.820186615
478.335886,-506.4380706,411.8670335,-0.0001025390625,0.000126953125,-0.003608398437,808.0078125,76.7578125,31.25,14,12,5.833957672,0.5550144911,8.820186615
478.335886,-506.4380706,411.8670335,-0.0001025390625,0.000126953125,-0.003608398437,808.0078125,76.7578125,31.25,14,12,5.833957672,0.5550144911,8.820186615
478.335886,-506.4380706,411.8670335,-0.0001025390625,0.000126953125,-0.003608398437,808.0078125,76.7578125,31.25,14,12,5.822481632,0.5550144911,8.820186615
478.335886,-506.4380706,411.8670335,-0.0001025390625,0.000126953125,-0.003608398437,808.0078125,76.7578125,31.25,14,12,5.822481632,0.5550144911,8.820186615
478.335886,-506.4380706,411.8670335,-0.0001025390625,0.000126953125,-0.003608398437,808.0078125,76.7578125,31.25,14,12,5.828362942,0.5550144911,8.820186615
478.335886,-506.4380706,411.8670335,-0.0001025390625,0.000126953125,-0.003608398437,808.0078125,76.7578125,31.25,14,12,5.828362942,0.5550144911,8.820186615
478.335886,-506.4380706,411.8670335,-0.0001025390625,0.000126953125,-0.003608398437,808.0078125,76.7578125,31.25,14,12,5.82289505,0.5550144911,8.664143562
478.335886,-506.4380706,411.8670335,-0.0001025390625,0.000126953125,-0.003608398437,808.0078125,76.7578125,31.25,14,12,5.82289505,0.09479277581,8.664143562
478.3830384,-506.4400872,411.8602132,0.001782226563,-0.001879882813,0.002592773437,943.0664063,-40.33203125,-136.4257813,14,12,5.814089298,0.09479277581,8.664143562
478.3830384,-506.4400872,411.8602132,0.001782226563,-0.001879882813,0.002592773437,943.0664063,-40.33203125,-136.4257813,14,12,5.814089298,0.09479277581,8.664143562
478.3830384,-506.4400872,411.8602132,0.001782226563,-0.001879882813,0.002592773437,943.0664063,-40.33203125,-136.4257813,14,12,5.811291695,0.09479277581,8.664143562
478.3830384,-506.4400872,411.8602132,0.001782226563,-0.001879882813,0.002592773437,943.0664063,-40.33203125,-136.4257813,14,12,5.811291695,0.09479277581,8.664143562
478.3830384,-506.4400872,411.8602132,0.001782226563,-0.001879882813,0.002592773437,943.0664063,-40.33203125,-136.4257813,14,12,5.810496807,0.09479277581,8.664143562
478.3830384,-506.4400872,411.8602132,0.001782226563,-0.001879882813,0.002592773437,943.0664063,-40.33203125,-136.4257813,14,12,5.810496807,0.09479277581,8.664143562
478.3830384,-506.4400872,411.8602132,0.001782226563,-0.001879882813,0.002592773437,943.0664063,-40.33203125,-136.4257813,14,12,5.80970192,0.09479277581,8.664143562
478.3830384,-506.4400872,411.8602132,0.001782226563,-0.001879882813,0.002592773437,943.0664063,-40.33203125,-136.4257813,14,12,5.80970192,0.09479277581,8.664143562
478.3830384,-506.4400872,411.8602132,0.001782226563,-0.001879882813,0.002592773437,943.0664063,-40.33203125,-136.4257813,14,12,5.792218208,0.09479277581,8.027657509
478.3830384,-506.4400872,411.8602132,0.001782226563,-0.001879882813,0.002592773437,943.0664063,-40.33203125,-136.4257813,14,12,5.792218208,0.3352654874,8.027657509
478.3830384,-506.4400872,411.8602132,0.001782226563,-0.001879882813,0.002592773437,943.0664063,-40.33203125,-136.4257813,14,12,5.794093609,0.3352654874,8.027657509
478.3830384,-506.4400872,411.8602132,0.001782226563,-0.001879882813,0.002592773437,943.0664063,-40.33203125,-136.4257813,14,12,5.794093609,0.3352654874,8.027657509
478.3830384,-506.4400872,411.8602132,0.001782226563,-0.001879882813,0.002592773437,943.0664063,-40.33203125,-136.4257813,14,12,5.809988022,0.3352654874,8.027657509
478.3830384,-506.4400872,411.8602132,0.001782226563,-0.001879882813,0.002592773437,943.0664063,-40.33203125,-136.4257813,14,12,5.809988022,0.3352654874,8.027657509
478.3830384,-506.4400872,411.8602132,0.001782226563,-0.001879882813,0.002592773437,943.0664063,-40.33203125,-136.4257813,14,12,5.803852558,0.3352654874,8.027657509
478.3830384,-506.4400872,411.8602132,0.001782226563,-0.001879882813,0.002592773437,943.0664063,-40.33203125,-136.4257813,14,12,5.803852558,0.3352654874,8.027657509
478.3830384,-506.4400872,411.8602132,0.001782226563,-0.001879882813,0.002592773437,943.0664063,-40.33203125,-136.4257813,14,12,5.789039135,0.3352654874,8.027657509
478.3830384,-506.4400872,411.8602132,0.001782226563,-0.001879882813,0.002592773437,943.0664063,-40.33203125,-136.4257813,14,12,5.789039135,0.3352654874,8.027657509
478.3830384,-506.4400872,411.8602132,0.001782226563,-0.001879882813,0.002592773437,943.0664063,-40.33203125,-136.4257813,14,12,5.797590733,0.3352654874,7.426138401
478.3830384,-506.4400872,411.8602132,0.001782226563,-0.001879882813,0.002592773437,943.0664063,-40.33203125,-136.4257813,14,12,5.797590733,0.06122336164,7.426138401
478.3830384,-506.4400872,411.8602132,0.001782226563,-0.001879882813,0.002592773437,943.0664063,-40.33203125,-136.4257813,14,12,5.796795845,0.06122336164,7.426138401
478.3830384,-506.4400872,411.8602132,0.001782226563,-0.001879882813,0.002592773437,943.0664063,-40.33203125,-136.4257813,14,12,5.796795845,0.06122336164,7.426138401
478.3830384,-506.4400872,411.8602132,0.001782226563,-0.001879882813,0.002592773437,943.0664063,-40.33203125,-136.4257813,14,12,5.808017731,0.06122336164,7.426138401
478.3830384,-506.4400872,411.8602132,0.001782226563,-0.001879882813,0.002592773437,943.0664063,-40.33203125,-136.4257813,14,12,5.808017731,0.06122336164,7.426138401
478.3830384,-506.4400872,411.8602132,0.001782226563,-0.001879882813,0.002592773437,943.0664063,-40.33203125,-136.4257813,14,12,5.795874596,0.06122336164,7.426138401
478.3830384,-506.4400872,411.8602132,0.001782226563,-0.001879882813,0.002592773437,943.0664063,-40.33203125,-136.4257813,14,12,5.795874596,0.06122336164,7.426138401
478.3830384,-506.4400872,411.8602132,0.001782226563,-0.001879882813,0.002592773437,943.0664063,-40.33203125,-136.4257813,14,12,5.777723312,0.06122336164,7.426138401
478.3830384,-506.4400872,411.8602132,0.001782226563,-0.001879882813,0.002592773437,943.0664063,-40.33203125,-136.4257813,14,12,5.777723312,0.06122336164,7.426138401
478.3830384,-506.4400872,411.8602132,0.001782226563,-0.001879882813,0.002592773437,943.0664063,-40.33203125,-136.4257813,14,12,5.79829073,0.06122336164,7.077288151
478.3830384,-506.4400872,411.8602132,0.001782226563,-0.001879882813,0.002592773437,943.0664063,-40.33203125,-136.4257813,14,12,5.79829073,0.5189571381,7.077288151
478.432017,-506.4418499,411.8651994,-0.002602539063,0.001752929687,0.002216796875,979.5898437,-35.25390625,99.70703125,14,12,5.802169323,0.5189571381,7.077288151
478.432017,-506.4418499,411.8651994,-0.002602539063,0.001752929687,0.002216796875,979.5898437,-35.25390625,99.70703125,14,12,5.802169323,0.5189571381,7.077288151
478.432017,-506.4418499,411.8651994,-0.002602539063,0.001752929687,0.002216796875,979.5898437,-35.25390625,99.70703125,14,12,5.78401804,0.5189571381,7.077288151
478.432017,-506.4418499,411.8651994,-0.002602539063,0.001752929687,0.002216796875,979.5898437,-35.25390625,99.70703125,14,12,5.78401804,0.5189571381,7.077288151
478.432017,-506.4418499,411.8651994,-0.002602539063,0.001752929687,0.002216796875,979.5898437,-35.25390625,99.70703125,14,12,5.7892313,0.5189571381,7.077288151
478.432017,-506.4418499,411.8651994,-0.002602539063,0.001752929687,0.002216796875,979.5898437,-35.25390625,99.70703125,14,12,5.7892313,0.5189571381,7.077288151
478.432017,-506.4418499,411.8651994,-0.002602539063,0.001752929687,0.002216796875,979.5898437,-35.25390625,99.70703125,14,12,5.791774273,0.5189571381,7.077288151
478.432017,-506.4418499,411.8651994,-0.002602539063,0.001752929687,0.002216796875,979.5898437,-35.25390625,99.70703125,14,12,5.791774273,0.5189571381,7.077288151
478.432017,-506.4418499,411.8651994,-0.002602539063,0.001752929687,0.002216796875,979.5898437,-35.25390625,99.70703125,14,12,5.809004307,0.5189571381,7.147032738
478.432017,-506.4418499,411.8651994,-0.002602539063,0.001752929687,0.002216796875,979.5898437,-35.25390625,99.70703125,14,12,5.809004307,1.406755805,7.147032738
478.432017,-506.4418499,411.8651994,-0.002602539063,0.001752929687,0.002216796875,979.5898437,-35.25390625,99.70703125,14,12,5.79953146,1.406755805,7.147032738
478.432017,-506.4418499,411.8651994,-0.002602539063,0.001752929687,0.002216796875,979.5898437,-35.25390625,99.70703125,14,12,5.79953146,1.406755805,7.147032738
478.432017,-506.4418499,411.8651994,-0.002602539063,0.001752929687,0.002216796875,979.5898437,-35.25390625,99.70703125,14,12,5.784718037,1.406755805,7.147032738
478.432017,-506.4418499,411.8651994,-0.002602539063,0.001752929687,0.002216796875,979.5898437,-35.25390625,99.70703125,14,12,5.784718037,1.406755805,7.147032738
478.432017,-506.4418499,411.8651994,-0.002602539063,0.001752929687,0.002216796875,979.5898437,-35.25390625,99.70703125,14,12,5.790599346,1.406755805,7.147032738
478.432017,-506.4418499,411.8651994,-0.002602539063,0.001752929687,0.002216796875,979.5898437,-35.25390625,99.70703125,14,12,5.790599346,1.406755805,7.147032738
478.432017,-506.4418499,411.8651994,-0.002602539063,0.001752929687,0.002216796875,979.5898437,-35.25390625,99.70703125,14,12,5.808496475,1.406755805,7.147032738
478.432017,-506.4418499,411.8651994,-0.002602539063,0.001752929687,0.002216796875,979.5898437,-35.25390625,99.70703125,14,12,5.808496475,1.406755805,7.147032738
478.432017,-506.4418499,411.8651994,-0.002602539063,0.001752929687,0.002216796875,979.5898437,-35.25390625,99.70703125,14,12,5.793683052,1.406755805,7.434567451
478.432017,-506.4418499,411.8651994,-0.002602539063,0.001752929687,0.002216796875,979.5898437,-35.25390625,99.70703125,14,12,5.793683052,1.896033525,7.434567451
478.432017,-506.4418499,411.8651994,-0.002602539063,0.001752929687,0.002216796875,979.5898437,-35.25390625,99.70703125,14,12,5.792221069,1.896033525,7.434567451
478.432017,-506.4418499,411.8651994,-0.002602539063,0.001752929687,0.002216796875,979.5898437,-35.25390625,99.70703125,14,12,5.792221069,1.896033525,7.434567451
478.432017,-506.4418499,411.8651994,-0.002602539063,0.001752929687,0.002216796875,979.5898437,-35.25390625,99.70703125,14,12,5.790759087,1.896033525,7.434567451
478.432017,-506.4418499,411.8651994,-0.002602539063,0.001752929687,0.002216796875,979.5898437,-35.25390625,99.70703125,14,12,5.790759087,1.896033525,7.434567451
478.432017,-506.4418499,411.8651994,-0.002602539063,0.001752929687,0.002216796875,979.5898437,-35.25390625,99.70703125,14,12,5.801312923,1.896033525,7.434567451
478.432017,-506.4418499,411.8651994,-0.002602539063,0.001752929687,0.002216796875,979.5898437,-35.25390625,99.70703125,14,12,5.801312923,1.896033525,7.434567451
478.432017,-506.4418499,411.8651994,-0.002602539063,0.001752929687,0.002216796875,979.5898437,-35.25390625,99.70703125,14,12,5.807861805,1.896033525,7.434567451
478.432017,-506.4418499,411.8651994,-0.002602539063,0.001752929687,0.002216796875,979.5898437,-35.25390625,99.70703125,14,12,5.807861805,1.896033525,7.434567451
478.432017,-506.4418499,411.8651994,-0.002602539063,0.001752929687,0.002216796875,979.5898437,-35.25390625,99.70703125,14,12,5.796385765,1.896033525,8.19711113
478.432017,-506.4418499,411.8651994,-0.002602539063,0.001752929687,0.002216796875,979.5898437,-35.25390625,99.70703125,14,12,5.796385765,1.956890225,8.19711113
478.4723188,-506.4385589,411.8685744,-7.8125e-05,0.0005810546875,-0.004052734375,806.0546875,65.8203125,67.48046875,14,12,5.790250301,1.956890225,8.19711113
478.4723188,-506.4385589,411.8685744,-7.8125e-05,0.0005810546875,-0.004052734375,806.0546875,65.8203125,67.48046875,14,12,5.790250301,1.956890225,8.19711113
478.4723188,-506.4385589,411.8685744,-7.8125e-05,0.0005810546875,-0.004052734375,806.0546875,65.8203125,67.48046875,14,12,5.80814743,1.956890225,8.19711113
478.4723188,-506.4385589,411.8685744,-7.8125e-05,0.0005810546875,-0.004052734375,806.0546875,65.8203125,67.48046875,14,12,5.80814743,1.956890225,8.19711113
478.4723188,-506.4385589,411.8685744,-7.8125e-05,0.0005810546875,-0.004052734375,806.0546875,65.8203125,67.48046875,14,12,5.800009251,1.956890225,8.19711113
478.4723188,-506.4385589,411.8685744,-7.8125e-05,0.0005810546875,-0.004052734375,806.0546875,65.8203125,67.48046875,14,12,5.800009251,1.956890225,8.19711113
478.4723188,-506.4385589,411.8685744,-7.8125e-05,0.0005810546875,-0.004052734375,806.0546875,65.8203125,67.48046875,14,12,5.791203499,1.956890225,8.19711113
478.4723188,-506.4385589,411.8685744,-7.8125e-05,0.0005810546875,-0.004052734375,806.0546875,65.8203125,67.48046875,14,12,5.791203499,1.956890225,8.19711113
478.4723188,-506.4385589,411.8685744,-7.8125e-05,0.0005810546875,-0.004052734375,806.0546875,65.8203125,67.48046875,14,12,5.781730652,1.956890225,8.65899086
478.4723188,-506.4385589,411.8685744,-7.8125e-05,0.0005810546875,-0.004052734375,806.0546875,65.8203125,67.48046875,14,12,5.781730652,1.560127139,8.65899086
478.4723188,-506.4385589,411.8685744,-7.8125e-05,0.0005810546875,-0.004052734375,806.0546875,65.8203125,67.48046875,14,12,5.77626276,1.560127139,8.65899086
478.4723188,-506.4385589,411.8685744,-7.8125e-05,0.0005810546875,-0.004052734375,806.0546875,65.8203125,67.48046875,14,12,5.77626276,1.560127139,8.65899086
478.4723188,-506.4385589,411.8685744,-7.8125e-05,0.0005810546875,-0.004052734375,806.0546875,65.8203125,67.48046875,14,12,5.78548193,1.560127139,8.65899086
478.4723188,-506.4385589,411.8685744,-7.8125e-05,0.0005810546875,-0.004052734375,806.0546875,65.8203125,67.48046875,14,12,5.78548193,1.560127139,8.65899086
478.4723188,-506.4385589,411.8685744,-7.8125e-05,0.0005810546875,-0.004052734375,806.0546875,65.8203125,67.48046875,14,12,5.778011799,1.560127139,8.65899086
478.4723188,-506.4385589,411.8685744,-7.8125e-05,0.0005810546875,-0.004052734375,806.0546875,65.8203125,67.48046875,14,12,5.778011799,1.560127139,8.65899086
478.4723188,-506.4385589,411.8685744,-7.8125e-05,0.0005810546875,-0.004052734375,806.0546875,65.8203125,67.48046875,14,12,5.769206047,1.560127139,8.65899086
478.4723188,-506.4385589,411.8685744,-7.8125e-05,0.0005810546875,-0.004052734375,806.0546875,65.8203125,67.48046875,14,12,5.769206047,1.560127139,8.65899086
478.4723188,-506.4385589,411.8685744,-7.8125e-05,0.0005810546875,-0.004052734375,806.0546875,65.8203125,67.48046875,14,12,5.772417068,1.560127139,8.881627083
478.4723188,-506.4385589,411.8685744,-7.8125e-05,0.0005810546875,-0.004052734375,806.0546875,65.8203125,67.48046875,14,12,5.772417068,0.8544253111,8.881627083
478.4723188,-506.4385589,411.8685744,-7.8125e-05,0.0005810546875,-0.004052734375,806.0546875,65.8203125,67.48046875,14,12,5.770287514,0.8544253111,8.881627083
478.4723188,-506.4385589,411.8685744,-7.8125e-05,0.0005810546875,-0.004052734375,806.0546875,65.8203125,67.48046875,14,12,5.770287514,0.8544253111,8.881627083
478.4723188,-506.4385589,411.8685744,-7.8125e-05,0.0005810546875,-0.004052734375,806.0546875,65.8203125,67.48046875,14,12,5.762149334,0.8544253111,8.881627083
478.4723188,-506.4385589,411.8685744,-7.8125e-05,0.0005810546875,-0.004052734375,806.0546875,65.8203125,67.48046875,14,12,5.762149334,0.8544253111,8.881627083
478.4723188,-506.4385589,411.8685744,-7.8125e-05,0.0005810546875,-0.004052734375,806.0546875,65.8203125,67.48046875,14,12,5.760687351,0.8544253111,8.881627083
478.4723188,-506.4385589,411.8685744,-7.8125e-05,0.0005810546875,-0.004052734375,806.0546875,65.8203125,67.48046875,14,12,5.760687351,0.8544253111,8.881627083
478.4723188,-506.4385589,411.8685744,-7.8125e-05,0.0005810546875,-0.004052734375,806.0546875,65.8203125,67.48046875,14,12,5.754551888,0.8544253111,8.881627083
478.4723188,-506.4385589,411.8685744,-7.8125e-05,0.0005810546875,-0.004052734375,806.0546875,65.8203125,67.48046875,14,12,5.754551888,0.8544253111,8.881627083
478.4723188,-506.4385589,411.8685744,-7.8125e-05,0.0005810546875,-0.004052734375,806.0546875,65.8203125,67.48046875,14,12,5.761100769,0.8544253111,8.685587883
478.4723188,-506.4385589,411.8685744,-7.8125e-05,0.0005810546875,-0.004052734375,806.0546875,65.8203125,67.48046875,14,12,5.761100769,0.122661002,8.685587883
478.5189293,-506.4391204,411.8615245,0.002978515625,-0.002368164062,0.000732421875,932.2265625,-11.23046875,-141.015625,14,12,5.751627922,0.122661002,8.685587883
478.5189293,-506.4391204,411.8615245,0.002978515625,-0.002368164062,0.000732421875,932.2265625,-11.23046875,-141.015625,14,12,5.751627922,0.122661002,8.685587883
478.5189293,-506.4391204,411.8615245,0.002978515625,-0.002368164062,0.000732421875,932.2265625,-11.23046875,-141.015625,14,12,5.757509232,0.122661002,8.685587883
478.5189293,-506.4391204,411.8615245,0.002978515625,-0.002368164062,0.000732421875,932.2265625,-11.23046875,-141.015625,14,12,5.757509232,0.122661002,8.685587883
478.5189293,-506.4391204,411.8615245,0.002978515625,-0.002368164062,0.000732421875,932.2265625,-11.23046875,-141.015625,14,12,5.754044056,0.122661002,8.685587883
478.5189293,-506.4391204,411.8615245,0.002978515625,-0.002368164062,0.000732421875,932.2265625,-11.23046875,-141.015625,14,12,5.754044056,0.122661002,8.685587883
478.5189293,-506.4391204,411.8615245,0.002978515625,-0.002368164062,0.000732421875,932.2265625,-11.23046875,-141.015625,14,12,5.755252361,0.122661002,8.685587883
478.5189293,-506.4391204,411.8615245,0.002978515625,-0.002368164062,0.000732421875,932.2265625,-11.23046875,-141.015625,14,12,5.755252361,0.122661002,8.685587883
478.5189293,-506.4391204,411.8615245,0.002978515625,-0.002368164062,0.000732421875,932.2265625,-11.23046875,-141.015625,14,12,5.746446609,0.122661002,8.097488403
478.5189293,-506.4391204,411.8615245,0.002978515625,-0.002368164062,0.000732421875,932.2265625,-11.23046875,-141.015625,14,12,5.746446609,0.1877895296,8.097488403
478.5189293,-506.4391204,411.8615245,0.002978515625,-0.002368164062,0.000732421875,932.2265625,-11.23046875,-141.015625,14,12,5.759003162,0.1877895296,8.097488403
478.5189293,-506.4391204,411.8615245,0.002978515625,-0.002368164062,0.000732421875,932.2265625,-11.23046875,-141.015625,14,12,5.759003162,0.1877895296,8.097488403
478.5189293,-506.4391204,411.8615245,0.002978515625,-0.002368164062,0.000732421875,932.2265625,-11.23046875,-141.015625,14,12,5.764884472,0.1877895296,8.097488403
478.5189293,-506.4391204,411.8615245,0.002978515625,-0.002368164062,0.000732421875,932.2265625,-11.23046875,-141.015625,14,12,5.764884472,0.1877895296,8.097488403
478.5189293,-506.4391204,411.8615245,0.002978515625,-0.002368164062,0.000732421875,932.2265625,-11.23046875,-141.015625,14,12,5.764757156,0.1877895296,8.097488403
478.5189293,-506.4391204,411.8615245,0.002978515625,-0.002368164062,0.000732421875,932.2265625,-11.23046875,-141.015625,14,12,5.764757156,0.1877895296,8.097488403
478.5189293,-506.4391204,411.8615245,0.002978515625,-0.002368164062,0.000732421875,932.2265625,-11.23046875,-141.015625,14,12,5.746605873,0.1877895296,8.097488403
478.5189293,-506.4391204,411.8615245,0.002978515625,-0.002368164062,0.000732421875,932.2265625,-11.23046875,-141.015625,14,12,5.746605873,0.1877895296,8.097488403
478.5189293,-506.4391204,411.8615245,0.002978515625,-0.002368164062,0.000732421875,932.2265625,-11.23046875,-141.015625,14,12,5.765838623,0.1877895296,7.377972603
478.5189293,-506.4391204,411.8615245,0.002978515625,-0.002368164062,0.000732421875,932.2265625,-11.23046875,-141.015625,14,12,5.765838623,0.06122336164,7.377972603
478.5189293,-506.4391204,411.8615245,0.002978515625,-0.002368164062,0.000732421875,932.2265625,-11.23046875,-141.015625,14,12,5.779062748,0.06122336164,7.377972603
478.5189293,-506.4391204,411.8615245,0.002978515625,-0.002368164062,0.000732421875,932.2265625,-11.23046875,-141.015625,14,12,5.779062748,0.06122336164,7.377972603
478.5189293,-506.4391204,411.8615245,0.002978515625,-0.002368164062,0.000732421875,932.2265625,-11.23046875,-141.015625,14,12,5.770256996,0.06122336164,7.377972603
478.5189293,-506.4391204,411.8615245,0.002978515625,-0.002368164062,0.000732421875,932.2265625,-11.23046875,-141.015625,14,12,5.770256996,0.06122336164,7.377972603
478.5189293,-506.4391204,411.8615245,0.002978515625,-0.002368164062,0.000732421875,932.2265625,-11.23046875,-141.015625,14,12,5.77413559,0.06122336164,7.377972603
478.5189293,-506.4391204,411.8615245,0.002978515625,-0.002368164062,0.000732421875,932.2265625,-11.23046875,-141.015625,14,12,5.77413559,0.06122336164,7.377972603
478.5189293,-506.4391204,411.8615245,0.002978515625,-0.002368164062,0.000732421875,932.2265625,-11.23046875,-141.015625,14,12,5.776678562,0.06122336164,7.377972603
478.5189293,-506.4391204,411.8615245,0.002978515625,-0.002368164062,0.000732421875,932.2265625,-11.23046875,-141.015625,14,12,5.776678562,0.06122336164,7.377972603
478.5189293,-506.4391204,411.8615245,0.002978515625,-0.002368164062,0.000732421875,932.2265625,-11.23046875,-141.015625,14,12,5.795243263,0.06122336164,6.937842369
478.5189293,-506.4391204,411.8615245,0.002978515625,-0.002368164062,0.000732421875,932.2265625,-11.23046875,-141.015625,14,12,5.795243263,0.3790456653,6.937842369
478.5688551,-506.4415618,411.8636934,-0.00244140625,0.001127929688,0.002661132813,998.5351563,-48.828125,43.359375,14,12,5.797786236,0.3790456653,6.937842369
478.5688551,-506.4415618,411.8636934,-0.00244140625,0.001127929688,0.002661132813,998.5351563,-48.828125,43.359375,14,12,5.797786236,0.3790456653,6.937842369
478.5688551,-506.4415618,411.8636934,-0.00244140625,0.001127929688,0.002661132813,998.5351563,-48.828125,43.359375,14,12,5.787645817,0.3790456653,6.937842369
478.5688551,-506.4415618,411.8636934,-0.00244140625,0.001127929688,0.002661132813,998.5351563,-48.828125,43.359375,14,12,5.787645817,0.3790456653,6.937842369
478.5688551,-506.4415618,411.8636934,-0.00244140625,0.001127929688,0.002661132813,998.5351563,-48.828125,43.359375,14,12,5.796864986,0.3790456653,6.937842369
478.5688551,-506.4415618,411.8636934,-0.00244140625,0.001127929688,0.002661132813,998.5351563,-48.828125,43.359375,14,12,5.796864986,0.3790456653,6.937842369
478.5688551,-506.4415618,411.8636934,-0.00244140625,0.001127929688,0.002661132813,998.5351563,-48.828125,43.359375,14,12,5.817432404,0.3790456653,6.937842369
478.5688551,-506.4415618,411.8636934,-0.00244140625,0.001127929688,0.002661132813,998.5351563,-48.828125,43.359375,14,12,5.817432404,0.3790456653,6.937842369
478.5688551,-506.4415618,411.8636934,-0.00244140625,0.001127929688,0.002661132813,998.5351563,-48.828125,43.359375,14,12,5.82464838,0.3790456653,6.907836914
478.5688551,-506.4415618,411.8636934,-0.00244140625,0.001127929688,0.002661132813,998.5351563,-48.828125,43.359375,14,12,5.82464838,1.277870059,6.907836914
478.5688551,-506.4415618,411.8636934,-0.00244140625,0.001127929688,0.002661132813,998.5351563,-48.828125,43.359375,14,12,5.812505245,1.277870059,6.907836914
478.5688551,-506.4415618,411.8636934,-0.00244140625,0.001127929688,0.002661132813,998.5351563,-48.828125,43.359375,14,12,5.812505245,1.277870059,6.907836914
478.5688551,-506.4415618,411.8636934,-0.00244140625,0.001127929688,0.002661132813,998.5351563,-48.828125,43.359375,14,12,5.814380646,1.277870059,6.907836914
478.5688551,-506.4415618,411.8636934,-0.00244140625,0.001127929688,0.002661132813,998.5351563,-48.828125,43.359375,14,12,5.814380646,1.277870059,6.907836914
478.5688551,-506.4415618,411.8636934,-0.00244140625,0.001127929688,0.002661132813,998.5351563,-48.828125,43.359375,14,12,5.830275059,1.277870059,6.907836914
478.5688551,-506.4415618,411.8636934,-0.00244140625,0.001127929688,0.002661132813,998.5351563,-48.828125,43.359375,14,12,5.830275059,1.277870059,6.907836914
478.5688551,-506.4415618,411.8636934,-0.00244140625,0.001127929688,0.002661132813,998.5351563,-48.828125,43.359375,14,12,5.8455019,1.277870059,6.907836914
478.5688551,-506.4415618,411.8636934,-0.00244140625,0.001127929688,0.002661132813,998.5351563,-48.828125,43.359375,14,12,5.8455019,1.277870059,6.907836914
478.5688551,-506.4415618,411.8636934,-0.00244140625,0.001127929688,0.002661132813,998.5351563,-48.828125,43.359375,14,12,5.831355572,1.277870059,7.112158298
478.5688551,-506.4415618,411.8636934,-0.00244140625,0.001127929688,0.002661132813,998.5351563,-48.828125,43.359375,14,12,5.831355572,1.912705779,7.112158298
478.5688551,-506.4415618,411.8636934,-0.00244140625,0.001127929688,0.002661132813,998.5351563,-48.828125,43.359375,14,12,5.832563877,1.912705779,7.112158298
478.5688551,-506.4415618,411.8636934,-0.00244140625,0.001127929688,0.002661132813,998.5351563,-48.828125,43.359375,14,12,5.832563877,1.912705779,7.112158298
478.5688551,-506.4415618,411.8636934,-0.00244140625,0.001127929688,0.002661132813,998.5351563,-48.828125,43.359375,14,12,5.846456051,1.912705779,7.112158298
478.5688551,-506.4415618,411.8636934,-0.00244140625,0.001127929688,0.002661132813,998.5351563,-48.828125,43.359375,14,12,5.846456051,1.912705779,7.112158298
478.5688551,-506.4415618,411.8636934,-0.00244140625,0.001127929688,0.002661132813,998.5351563,-48.828125,43.359375,14,12,5.860348225,1.912705779,7.112158298
478.5688551,-506.4415618,411.8636934,-0.00244140625,0.001127929688,0.002661132813,998.5351563,-48.828125,43.359375,14,12,5.860348225,1.912705779,7.112158298
478.5688551,-506.4415618,411.8636934,-0.00244140625,0.001127929688,0.002661132813,998.5351563,-48.828125,43.359375,14,12,5.852878094,1.912705779,7.112158298
478.5688551,-506.4415618,411.8636934,-0.00244140625,0.001127929688,0.002661132813,998.5351563,-48.828125,43.359375,14,12,5.852878094,1.912705779,7.112158298
478.5688551,-506.4415618,411.8636934,-0.00244140625,0.001127929688,0.002661132813,998.5351563,-48.828125,43.359375,14,12,5.847410202,1.912705779,7.770105362
478.5688551,-506.4415618,411.8636934,-0.00244140625,0.001127929688,0.002661132813,998.5351563,-48.828125,43.359375,14,12,5.847410202,2.073986769,7.770105362
478.6100651,-506.4393889,411.8679472,-0.001411132813,0.0011328125,-0.002495117188,824.21875,43.45703125,85.05859375,14,12,5.855293751,2.073986769,7.770105362
478.6100651,-506.4393889,411.8679472,-0.001411132813,0.0011328125,-0.002495117188,824.21875,43.45703125,85.05859375,14,12,5.855293751,2.073986769,7.770105362
478.6100651,-506.4393889,411.8679472,-0.001411132813,0.0011328125,-0.002495117188,824.21875,43.45703125,85.05859375,14,12,5.873858452,2.073986769,7.770105362
478.6100651,-506.4393889,411.8679472,-0.001411132813,0.0011328125,-0.002495117188,824.21875,43.45703125,85.05859375,14,12,5.873858452,2.073986769,7.770105362
478.6100651,-506.4393889,411.8679472,-0.001411132813,0.0011328125,-0.002495117188,824.21875,43.45703125,85.05859375,14,12,5.869058609,2.073986769,7.770105362
478.6100651,-506.4393889,411.8679472,-0.001411132813,0.0011328125,-0.002495117188,824.21875,43.45703125,85.05859375,14,12,5.869058609,2.073986769,7.770105362
478.6100651,-506.4393889,411.8679472,-0.001411132813,0.0011328125,-0.002495117188,824.21875,43.45703125,85.05859375,14,12,5.860252857,2.073986769,7.770105362
478.6100651,-506.4393889,411.8679472,-0.001411132813,0.0011328125,-0.002495117188,824.21875,43.45703125,85.05859375,14,12,5.860252857,2.073986769,7.770105362
478.6100651,-506.4393889,411.8679472,-0.001411132813,0.0011328125,-0.002495117188,824.21875,43.45703125,85.05859375,14,12,5.857455254,2.073986769,8.38482666
478.6100651,-506.4393889,411.8679472,-0.001411132813,0.0011328125,-0.002495117188,824.21875,43.45703125,85.05859375,14,12,5.857455254,1.751446486,8.38482666
478.6100651,-506.4393889,411.8679472,-0.001411132813,0.0011328125,-0.002495117188,824.21875,43.45703125,85.05859375,14,12,5.871347427,1.751446486,8.38482666
478.6100651,-506.4393889,411.8679472,-0.001411132813,0.0011328125,-0.002495117188,824.21875,43.45703125,85.05859375,14,12,5.871347427,1.751446486,8.38482666
478.6100651,-506.4393889,411.8679472,-0.001411132813,0.0011328125,-0.002495117188,824.21875,43.45703125,85.05859375,14,12,5.871888161,1.751446486,8.38482666
478.6100651,-506.4393889,411.8679472,-0.001411132813,0.0011328125,-0.002495117188,824.21875,43.45703125,85.05859375,14,12,5.871888161,1.751446486,8.38482666
478.6100651,-506.4393889,411.8679472,-0.001411132813,0.0011328125,-0.002495117188,824.21875,43.45703125,85.05859375,14,12,5.847061157,1.751446486,8.38482666
478.6100651,-506.4393889,411.8679472,-0.001411132813,0.0011328125,-0.002495117188,824.21875,43.45703125,85.05859375,14,12,5.847061157,1.751446486,8.38482666
478.6100651,-506.4393889,411.8679472,-0.001411132813,0.0011328125,-0.002495117188,824.21875,43.45703125,85.05859375,14,12,5.84960413,1.751446486,8.38482666
478.6100651,-506.4393889,411.8679472,-0.001411132813,0.0011328125,-0.002495117188,824.21875,43.45703125,85.05859375,14,12,5.84960413,1.751446486,8.38482666
478.6100651,-506.4393889,411.8679472,-0.001411132813,0.0011328125,-0.002495117188,824.21875,43.45703125,85.05859375,14,12,5.860826015,1.751446486,8.742015839
478.6100651,-506.4393889,411.8679472,-0.001411132813,0.0011328125,-0.002495117188,824.21875,43.45703125,85.05859375,14,12,5.860826015,1.150914192,8.742015839
478.6100651,-506.4393889,411.8679472,-0.001411132813,0.0011328125,-0.002495117188,824.21875,43.45703125,85.05859375,14,12,5.846679688,1.150914192,8.742015839
478.6100651,-506.4393889,411.8679472,-0.001411132813,0.0011328125,-0.002495117188,824.21875,43.45703125,85.05859375,14,12,5.846679688,1.150914192,8.742015839
478.6100651,-506.4393889,411.8679472,-0.001411132813,0.0011328125,-0.002495117188,824.21875,43.45703125,85.05859375,14,12,5.839877129,1.150914192,8.742015839
478.6100651,-506.4393889,411.8679472,-0.001411132813,0.0011328125,-0.002495117188,824.21875,43.45703125,85.05859375,14,12,5.839877129,1.150914192,8.742015839
478.6100651,-506.4393889,411.8679472,-0.001411132813,0.0011328125,-0.002495117188,824.21875,43.45703125,85.05859375,14,12,5.830404282,1.150914192,8.742015839
478.6100651,-506.4393889,411.8679472,-0.001411132813,0.0011328125,-0.002495117188,824.21875,43.45703125,85.05859375,14,12,5.830404282,1.150914192,8.742015839
478.6100651,-506.4393889,411.8679472,-0.001411132813,0.0011328125,-0.002495117188,824.21875,43.45703125,85.05859375,14,12,5.838955879,1.150914192,8.742015839
478.6100651,-506.4393889,411.8679472,-0.001411132813,0.0011328125,-0.002495117188,824.21875,43.45703125,85.05859375,14,12,5.838955879,1.150914192,8.742015839
478.6100651,-506.4393889,411.8679472,-0.001411132813,0.0011328125,-0.002495117188,824.21875,43.45703125,85.05859375,14,12,5.82881546,1.150914192,8.785320282
478.6100651,-506.4393889,411.8679472,-0.001411132813,0.0011328125,-0.002495117188,824.21875,43.45703125,85.05859375,14,12,5.82881546,0.3549503982,8.785320282
478.6554353,-506.4387005,411.8613856,0.002475585938,-0.002172851563,0.000439453125,907.421875,13.76953125,-131.25,14,12,5.822012901,0.3549503982,8.785320282
478.6554353,-506.4387005,411.8613856,0.002475585938,-0.002172851563,0.000439453125,907.421875,13.76953125,-131.25,14,12,5.822012901,0.3549503982,8.785320282
478.6554353,-506.4387005,411.8613856,0.002475585938,-0.002172851563,0.000439453125,907.421875,13.76953125,-131.25,14,12,5.834569454,0.3549503982,8.785320282
478.6554353,-506.4387005,411.8613856,0.002475585938,-0.002172851563,0.000439453125,907.421875,13.76953125,-131.25,14,12,5.834569454,0.3549503982,8.785320282
478.6554353,-506.4387005,411.8613856,0.002475585938,-0.002172851563,0.000439453125,907.421875,13.76953125,-131.25,14,12,5.819088459,0.3549503982,8.785320282
478.6554353,-506.4387005,411.8613856,0.002475585938,-0.002172851563,0.000439453125,907.421875,13.76953125,-131.25,14,12,5.819088459,0.3549503982,8.785320282
478.6554353,-506.4387005,411.8613856,0.002475585938,-0.002172851563,0.000439453125,907.421875,13.76953125,-131.25,14,12,5.810282707,0.3549503982,8.785320282
478.6554353,-506.4387005,411.8613856,0.002475585938,-0.002172851563,0.000439453125,907.421875,13.76953125,-131.25,14,12,5.810282707,0.3549503982,8.785320282
478.6554353,-506.4387005,411.8613856,0.002475585938,-0.002172851563,0.000439453125,907.421875,13.76953125,-131.25,14,12,5.804147243,0.3549503982,8.345246315
478.6554353,-506.4387005,411.8613856,0.002475585938,-0.002172851563,0.000439453125,907.421875,13.76953125,-131.25,14,12,5.804147243,0.12924321,8.345246315
478.6554353,-506.4387005,411.8613856,0.002475585938,-0.002172851563,0.000439453125,907.421875,13.76953125,-131.25,14,12,5.813366413,0.12924321,8.345246315
478.6554353,-506.4387005,411.8613856,0.002475585938,-0.002172851563,0.000439453125,907.421875,13.76953125,-131.25,14,12,5.813366413,0.12924321,8.345246315
478.6554353,-506.4387005,411.8613856,0.002475585938,-0.002172851563,0.000439453125,907.421875,13.76953125,-131.25,14,12,5.80856657,0.12924321,8.345246315
478.6554353,-506.4387005,411.8613856,0.002475585938,-0.002172851563,0.000439453125,907.421875,13.76953125,-131.25,14,12,5.80856657,0.12924321,8.345246315
478.6554353,-506.4387005,411.8613856,0.002475585938,-0.002172851563,0.000439453125,907.421875,13.76953125,-131.25,14,12,5.799093723,0.12924321,8.345246315
478.6554353,-506.4387005,411.8613856,0.002475585938,-0.002172851563,0.000439453125,907.421875,13.76953125,-131.25,14,12,5.799093723,0.12924321,8.345246315
478.6554353,-506.4387005,411.8613856,0.002475585938,-0.002172851563,0.000439453125,907.421875,13.76953125,-131.25,14,12,5.785614967,0.12924321,8.345246315
478.6554353,-506.4387005,411.8613856,0.002475585938,-0.002172851563,0.000439453125,907.421875,13.76953125,-131.25,14,12,5.785614967,0.12924321,8.345246315
478.6554353,-506.4387005,411.8613856,0.002475585938,-0.002172851563,0.000439453125,907.421875,13.76953125,-131.25,14,12,5.807518005,0.12924321,7.748447895
478.6554353,-506.4387005,411.8613856,0.002475585938,-0.002172851563,0.000439453125,907.421875,13.76953125,-131.25,14,12,5.807518005,0.2339718342,7.748447895
478.6554353,-506.4387005,411.8613856,0.002475585938,-0.002172851563,0.000439453125,907.421875,13.76953125,-131.25,14,12,5.803385735,0.2339718342,7.748447895
478.6554353,-506.4387005,411.8613856,0.002475585938,-0.002172851563,0.000439453125,907.421875,13.76953125,-131.25,14,12,5.803385735,0.2339718342,7.748447895
478.6554353,-506.4387005,411.8613856,0.002475585938,-0.002172851563,0.000439453125,907.421875,13.76953125,-131.25,14,12,5.787236691,0.2339718342,7.748447895
478.6554353,-506.4387005,411.8613856,0.002475585938,-0.002172851563,0.000439453125,907.421875,13.76953125,-131.25,14,12,5.787236691,0.2339718342,7.748447895
478.6554353,-506.4387005,411.8613856,0.002475585938,-0.002172851563,0.000439453125,907.421875,13.76953125,-131.25,14,12,5.792449951,0.2339718342,7.748447895
478.6554353,-506.4387005,411.8613856,0.002475585938,-0.002172851563,0.000439453125,907.421875,13.76953125,-131.25,14,12,5.792449951,0.2339718342,7.748447895
478.6554353,-506.4387005,411.8613856,0.002475585938,-0.002172851563,0.000439453125,907.421875,13.76953125,-131.25,14,12,5.803671837,0.2339718342,7.748447895
478.6554353,-506.4387005,411.8613856,0.002475585938,-0.002172851563,0.000439453125,907.421875,13.76953125,-131.25,14,12,5.803671837,0.2339718342,7.748447895
478.6554353,-506.4387005,411.8613856,0.002475585938,-0.002172851563,0.000439453125,907.421875,13.76953125,-131.25,14,12,5.798871994,0.2339718342,7.251673222
478.6554353,-506.4387005,411.8613856,0.002475585938,-0.002172851563,0.000439453125,907.421875,13.76953125,-131.25,14,12,5.798871994,0.0669452697,7.251673222
478.7048485,-506.4416643,411.8630564,-0.001865234375,0.001069335938,0.00349609375,988.28125,-59.27734375,33.3984375,14,12,5.793404102,0.0669452697,7.251673222
478.7048485,-506.4416643,411.8630564,-0.001865234375,0.001069335938,0.00349609375,988.28125,-59.27734375,33.3984375,14,12,5.793404102,0.0669452697,7.251673222
478.7048485,-506.4416643,411.8630564,-0.001865234375,0.001069335938,0.00349609375,988.28125,-59.27734375,33.3984375,14,12,5.773917675,0.0669452697,7.251673222
478.7048485,-506.4416643,411.8630564,-0.001865234375,0.001069335938,0.00349609375,988.28125,-59.27734375,33.3984375,14,12,5.773917675,0.0669452697,7.251673222
478.7048485,-506.4416643,411.8630564,-0.001865234375,0.001069335938,0.00349609375,988.28125,-59.27734375,33.3984375,14,12,5.789144516,0.0669452697,7.251673222
478.7048485,-506.4416643,411.8630564,-0.001865234375,0.001069335938,0.00349609375,988.28125,-59.27734375,33.3984375,14,12,5.789144516,0.0669452697,7.251673222
478.7048485,-506.4416643,411.8630564,-0.001865234375,0.001069335938,0.00349609375,988.28125,-59.27734375,33.3984375,14,12,5.799698353,0.0669452697,7.251673222
478.7048485,-506.4416643,411.8630564,-0.001865234375,0.001069335938,0.00349609375,988.28125,-59.27734375,33.3984375,14,12,5.799698353,0.0669452697,7.251673222
478.7048485,-506.4416643,411.8630564,-0.001865234375,0.001069335938,0.00349609375,988.28125,-59.27734375,33.3984375,14,12,5.782881737,0.0669452697,7.042421341
478.7048485,-506.4416643,411.8630564,-0.001865234375,0.001069335938,0.00349609375,988.28125,-59.27734375,33.3984375,14,12,5.782881737,0.8061578274,7.042421341
478.7048485,-506.4416643,411.8630564,-0.001865234375,0.001069335938,0.00349609375,988.28125,-59.27734375,33.3984375,14,12,5.778749466,0.8061578274,7.042421341
478.7048485,-506.4416643,411.8630564,-0.001865234375,0.001069335938,0.00349609375,988.28125,-59.27734375,33.3984375,14,12,5.778749466,0.8061578274,7.042421341
478.7048485,-506.4416643,411.8630564,-0.001865234375,0.001069335938,0.00349609375,988.28125,-59.27734375,33.3984375,14,12,5.782628059,0.8061578274,7.042421341
478.7048485,-506.4416643,411.8630564,-0.001865234375,0.001069335938,0.00349609375,988.28125,-59.27734375,33.3984375,14,12,5.782628059,0.8061578274,7.042421341
478.7048485,-506.4416643,411.8630564,-0.001865234375,0.001069335938,0.00349609375,988.28125,-59.27734375,33.3984375,14,12,5.797187805,0.8061578274,7.042421341
478.7048485,-506.4416643,411.8630564,-0.001865234375,0.001069335938,0.00349609375,988.28125,-59.27734375,33.3984375,14,12,5.797187805,0.8061578274,7.042421341
478.7048485,-506.4416643,411.8630564,-0.001865234375,0.001069335938,0.00349609375,988.28125,-59.27734375,33.3984375,14,12,5.800398827,0.8061578274,7.042421341
478.7048485,-506.4416643,411.8630564,-0.001865234375,0.001069335938,0.00349609375,988.28125,-59.27734375,33.3984375,14,12,5.800398827,0.8061578274,7.042421341
478.7048485,-506.4416643,411.8630564,-0.001865234375,0.001069335938,0.00349609375,988.28125,-59.27734375,33.3984375,14,12,5.784249783,0.8061578274,7.13392067
478.7048485,-506.4416643,411.8630564,-0.001865234375,0.001069335938,0.00349609375,988.28125,-59.27734375,33.3984375,14,12,5.784249783,1.545741916,7.13392067
